4.54876232679588011e+00	5.69274782686408276e+00
5.26444567073880787e+00	7.47310861206218924e+00
6.71273411053143088e-01	6.88978397775595219e+00
2.56741959184116464e+00	5.97796222040291969e+00
3.55615668610737856e+00	5.89563737470748261e+00
4.71820901783246338e+00	7.11853899688209335e+00
3.87334355010968912e+00	6.22763114304983922e+00
3.77459318281739176e+00	6.14258939406688231e+00
3.94248215868244589e+00	7.03218912899344240e+00
2.13068605255002685e+00	6.42002324205495789e+00
2.52297161137795678e+00	6.16694561374878614e+00
5.47650144836043018e-01	5.81070045403057289e+00
4.54232820827173533e+00	6.59801972644011858e+00
2.49197920616544799e+00	5.90798345804075264e+00
8.75998213592529051e-01	6.35999916951275246e+00
1.22502533453559992e-01	6.69010996206971242e+00
4.96729802244245455e-01	6.93715260069534700e+00
6.22591047854640856e+00	6.69021695441754005e+00
3.60829073868420513e+00	6.39851280383761178e+00
1.12477580097916890e-01	6.43771301577374544e+00
3.25341591578100964e+00	6.86085867693228302e+00
3.11545477964168605e+00	5.59642150315591813e+00
2.63611778307428013e+00	6.42070993480556851e+00
5.58526386899674243e+00	6.78756851451090437e+00
5.23075090473229398e+00	6.10316154009703737e+00
4.79418063880222345e+00	6.45010151319045910e+00
5.10857676712932030e+00	6.21358527007819106e+00
3.66531671032280304e+00	5.99988130203618297e+00
6.10776775696139929e+00	6.82775073677363498e+00
1.75896261486655181e+00	5.83142678645160029e+00
2.25617077961959539e-01	5.35455851757772194e+00
1.44804543739619884e+00	6.32913165400609756e+00
2.19455838717602614e+00	6.12311002929107406e+00
9.60448653205924430e-01	6.40320227440431200e+00
6.12616851612116076e+00	5.96425368463513372e+00
2.62892363472006041e+00	6.07358899846464428e+00
5.55418382621373574e+00	6.49554126883784466e+00
2.62919880668506289e+00	6.10456178543574968e+00
6.16664371432304659e+00	5.33275881783931283e+00
4.15325746458954370e+00	6.42815087987171019e+00
7.57460287614058592e-01	6.47499573038948562e+00
3.68818960712712940e+00	6.08198882191191714e+00
4.87657931240180265e+00	6.71503805804014853e+00
4.12237847356410114e+00	5.52907224269139519e+00
5.61073328154615192e-01	5.97576536986162665e+00
5.63742926313051385e+00	5.27467393986405408e+00
1.63926470018078385e+00	6.22502919585104308e+00
3.62536331159334413e+00	6.29739901257545220e+00
5.06385116870208130e+00	5.77854851067902509e+00
1.55465789217965922e+00	5.92903685364020472e+00
1.93811797344405723e+00	6.81202002961718467e+00
9.25388068844101630e-01	6.31801103362209382e+00
5.18115014935864426e+00	6.35265481927958930e+00
1.24621348513984298e+00	6.22399180651571005e+00
4.21314906745737527e+00	6.97091092940761570e+00
8.41680598510133438e-01	6.63468631636867023e+00
1.49815439002997008e+00	6.24171908243318718e+00
2.96250999472627119e-01	6.38797201600939513e+00
1.25285485234253735e+00	5.73328974652322998e+00
7.41356965227116915e-01	6.70928798256626546e+00
1.95776646128587783e+00	6.06571468415842752e+00
1.99960729936706905e+00	6.02800133487539380e+00
1.51406185694436823e+00	6.48449403727587104e+00
4.32143986085972909e+00	5.72229439351570512e+00
5.81026999725848192e+00	6.92651714282285269e+00
8.31891555324062781e-01	5.85202080706326022e+00
3.68273935367680139e+00	5.86804628977828191e+00
5.85652598939918820e-02	6.65425331697578848e+00
6.06207164112490560e+00	6.35905686436023299e+00
1.69316806732605984e+00	6.86678392588682929e+00
2.11363779333937662e+00	6.09957199946271889e+00
5.17699795482399860e+00	7.13181957256968602e+00
2.75730736510610352e+00	6.03614226215570060e+00
3.61882733008329271e+00	5.45655080830382744e+00
4.69622928518099680e+00	5.99022069383951905e+00
3.38831646930192854e+00	5.84171111113719110e+00
5.68984831555600401e+00	6.57238661195191476e+00
4.12941511830616115e+00	5.84135342246876643e+00
1.60994127968896494e+00	5.87800237102145040e+00
5.29612212181631925e+00	5.35762669764363331e+00
4.85825171377522036e+00	6.02420306920182735e+00
6.01376109757435806e+00	5.91859641962530425e+00
5.06659707178981744e+00	6.20547208308075859e+00
5.79341199932163686e+00	6.51611667623904012e+00
1.13468394032612818e+00	5.41243451600678149e+00
1.43822011676758166e+00	5.95585607441008591e+00
6.14535708299949857e+00	5.86008446392326565e+00
5.63595254388139910e+00	6.09304471095656019e+00
1.87675990345701454e-01	6.63670006603247487e+00
2.79655406322117317e+00	6.96182644873145762e+00
2.64348662140226276e+00	6.04028159138055454e+00
2.40160662839418393e+00	6.42686870441180780e+00
7.14128905707897221e-01	6.48789127508449326e+00
3.12344300870721003e+00	5.76547609086921309e+00
1.25006212124706262e+00	6.62158325521115287e+00
6.23926524118638159e+00	5.68546220497770882e+00
5.56736970373888695e+00	5.90655767808624255e+00
2.38730061205023325e-02	6.64352979595302795e+00
9.87639346871546198e-01	5.87677356363501513e+00
5.90238560096029730e+00	6.33534956435986540e+00
4.66105632237810852e+00	6.52459238523895735e+00
4.12147474714270379e-01	6.02586830733093670e+00
5.90407900178374234e+00	5.31073615881798489e+00
8.59998673540015135e-01	7.22604831954565174e+00
3.24053298518352628e+00	6.48063212831063851e+00
5.32190364501224966e+00	6.05798190161878480e+00
6.76338840976704492e-01	6.14643186498695560e+00
9.36960909487612681e-01	5.32185429075760297e+00
3.82671635420953971e+00	6.67664741392177241e+00
4.26534522090669643e+00	5.96442027222455717e+00
1.23312123437180832e+00	6.51051486967335791e+00
4.18637201387886027e+00	6.11351637162174288e+00
4.48407075511927322e-01	6.45498764960598059e+00
5.82863881799072026e+00	7.05658576236290003e+00
1.48058151961834183e+00	5.65717578464519022e+00
2.89239901083829754e+00	6.21036805670700076e+00
5.31187837566630172e+00	6.19982189086679547e+00
4.81322421879549456e+00	5.74840031580999078e+00
3.45804285495251928e+00	5.43895831466925106e+00
5.09760374045360543e+00	6.05652958955950105e+00
2.24253763537235296e+00	6.14703115281981383e+00
5.36408811669874908e+00	6.62402593166956422e+00
8.01652655326992813e-01	5.15954166166478423e+00
5.06433649177510503e+00	6.00553852163120006e+00
3.08618994316729633e+00	6.58396397034361947e+00
5.98550965078647401e+00	5.76447982788251423e+00
3.42726897459112112e-01	5.29627537094734091e+00
2.78906300101344717e+00	6.48692343687079820e+00
6.13180066587971329e+00	6.62802747443309226e+00
5.67497098581429071e+00	7.24626540592800428e+00
1.60072578816531874e+00	6.56794202621694456e+00
4.89771320922613196e+00	6.00255952378737589e+00
4.52952340042555779e+00	6.58001276871111962e+00
2.15851223197790576e+00	5.91518660571278243e+00
2.46516558841244082e+00	5.71165759832759257e+00
4.25878440489932064e+00	5.87529843368073834e+00
5.05477174904072424e+00	6.78228624933845392e+00
2.83853482063920293e+00	6.38840635711552096e+00
4.69250030114353567e-01	5.28665475089437198e+00
2.59908744973787487e+00	6.09274328112481101e+00
5.99658786127213705e+00	6.39141652328511967e+00
2.63208492169325270e+00	6.31427262002629419e+00
3.47384922252424833e+00	6.25174419831755568e+00
2.75451873603292485e+00	6.78994490280882168e+00
4.36989352461187508e+00	7.07685206472510053e+00
2.14690954780556398e+00	6.54009802077687397e+00
2.47555927027013523e+00	6.13487188571554132e+00
4.19043058458222362e+00	6.31901595297132168e+00
4.86861822046666060e+00	5.92595539853871056e+00
3.28135088657482221e+00	7.12353984893327485e+00
3.01011362407639016e+00	5.44979662977766832e+00
5.01521622599314099e-01	6.43477574961943688e+00
6.47412529597687247e-01	5.99760965801833290e+00
5.05873614292977436e+00	5.94577571347120681e+00
4.57434294745189085e+00	6.36009292237196266e+00
1.35238666073392855e+00	6.16222687908429467e+00
3.15167205821929031e+00	6.29714592596416622e+00
3.85155429231806723e+00	6.77579250406045563e+00
6.00918480601417127e+00	6.32035649220552465e+00
6.20968448170095488e+00	5.63926526169362141e+00
4.72756433214035443e+00	5.80159833174038120e+00
4.32918166722635878e+00	5.88832838175974160e+00
4.39796277373040922e+00	6.43353091430156443e+00
5.02920812164112885e+00	7.05189452060762800e+00
2.45913169501660889e+00	6.30598240215085237e+00
7.04955511114919720e-01	7.13510538716329812e+00
5.96307371883511905e+00	5.73648367540380644e+00
3.39506889539358037e+00	7.49874953038411629e+00
6.87053206180867848e-01	6.22265889296765895e+00
3.55448346185009267e+00	6.86204451759230327e+00
1.62600865232700964e+00	6.00993629584271627e+00
7.80863460038168533e-01	5.38472457150135142e+00
2.68297518376349009e+00	6.09535689566213712e+00
5.96082795818055722e+00	6.18229737706209637e+00
3.22098169069310103e+00	6.12874642648138046e+00
2.23344118734454505e-01	6.98637357657299063e+00
5.31521491437379900e+00	6.50195474255350980e+00
3.31715038208131796e+00	6.40214118799838072e+00
3.15840650797357503e+00	6.29347506874064244e+00
3.74473694122832956e+00	6.38947709355018922e+00
3.76757019002685345e+00	7.28470989903025856e+00
9.00035271346516841e-01	5.72402187392471617e+00
6.25172398698323928e+00	6.10135539850622965e+00
3.26577113964285770e+00	5.94018169211804103e+00
4.66633556363072621e+00	6.73253684032194943e+00
9.13558237381486005e-01	6.94304999927185307e+00
1.63927111068781040e+00	6.72655983074092312e+00
1.14593442111905031e+00	6.22989946588194066e+00
2.36166752530020263e+00	6.28157116036840169e+00
4.03443024948659890e+00	6.40970492642804412e+00
5.39785412681575494e+00	6.60961431160087720e+00
3.39090648383906457e+00	6.54296916156093822e+00
5.77707477974040096e+00	6.09413967480817131e+00
3.89743325828537390e+00	6.45009196196076395e+00
3.43395441366389154e+00	5.65718280888943426e+00
1.95394465509624427e+00	5.98879223867240551e+00
5.10533876765785255e+00	6.47072232983905415e+00
2.46839474308119788e+00	5.86756921644776952e+00
4.47008971432343838e+00	6.80569290370891711e+00
2.47453776431412198e+00	5.29878008371997034e+00
2.62272446961706462e+00	6.43545881439258416e+00
3.52444549657713946e+00	7.11014503506420059e+00
1.13888291605513414e+00	6.35085057112449913e+00
2.37248768873990767e-01	6.01148317946328525e+00
9.98046370542129302e-01	6.51288161679957955e+00
2.25011318109919634e+00	6.96257228678943196e+00
3.26054683096414166e+00	6.69762360793267941e+00
4.72104896607188618e+00	5.41255900963395398e+00
4.35152410115738686e+00	6.54012389783815262e+00
3.26968463276023424e+00	5.77680675034793811e+00
9.98339150189141766e-01	6.92333200352855727e+00
1.23327125076923472e+00	5.53915305500951760e+00
6.06944864253577432e+00	6.83120077260482539e+00
1.44459695327138737e+00	6.48724389506317944e+00
5.29552099707392365e+00	5.87028225746882448e+00
5.71685593087559241e+00	5.86853544444800690e+00
1.66016826933093475e+00	6.99609164198033184e+00
2.14405019249489237e-01	6.36222197060897887e+00
1.11296669028823780e+00	6.81842501236496545e+00
3.27303458057485264e+00	6.30870230702518686e+00
9.87028651719071615e-01	6.17654608710784903e+00
3.49291909993292382e+00	6.18526881471822954e+00
2.79940073503209153e+00	6.21683396151253831e+00
2.47933237884272328e+00	6.56896844802679603e+00
6.27660364458957076e+00	6.34693715511308110e+00
1.71398386139141357e+00	6.49091038278599708e+00
9.27275710078529047e-01	6.10325479304418650e+00
2.19965206604771124e+00	6.21704064771598119e+00
6.69239009876935187e-01	7.08056160451138172e+00
1.32556919258053552e+00	6.09340207825358782e+00
4.82974296017792604e+00	6.40896149920021507e+00
1.21748306726923938e+00	6.54662566166515880e+00
2.31985616794415817e-01	6.78308604787700453e+00
3.78755348130045100e+00	6.30798106514882040e+00
6.14942182429132433e+00	6.29334609815577206e+00
3.40737101240328988e+00	6.19699471597536622e+00
5.25801404795290694e-01	6.46038702930195097e+00
2.12957832512821765e+00	6.48427804769813765e+00
5.26545242755473897e+00	6.63067180562005909e+00
6.06264901100351938e+00	5.73518348292031011e+00
2.73371582735001928e+00	6.57498874737309613e+00
2.98566849995318151e+00	6.88258691894376096e+00
1.75151601073927510e+00	7.27441393518842361e+00
1.00732097273371379e+00	6.67191824363691044e+00
5.66478609455080218e+00	6.35650443520900055e+00
3.96440003330582047e-02	6.56589047329918429e+00
5.36334920555407546e+00	6.27750208059413062e+00
3.27860585246042602e+00	7.06046482161367717e+00
5.11206137655319814e+00	6.76140165929952008e+00
4.91073732897334825e+00	6.35389596113579103e+00
4.01314799813978151e+00	6.49947376153171241e+00
2.16611819469746747e+00	5.93638156234560999e+00
4.18655141737467584e+00	6.59406539222185728e+00
9.50298289734959667e-01	6.51572286070648055e+00
7.53660249645454750e-01	6.31033010535122241e+00
4.06103119991248729e+00	5.60107531399299674e+00
4.83064525293960489e+00	5.29919278594012333e+00
1.54244061564107748e+00	5.97132381949447311e+00
6.04831364267121252e-01	6.14010259118776780e+00
5.53668680225287968e+00	5.69445410828206544e+00
3.20922228118101804e+00	5.56973838596378634e+00
2.81252806072401107e+00	5.97173763574754446e+00
3.14237119372233442e+00	6.47113003809295328e+00
4.21817658147014107e+00	5.98199882139994621e+00
4.66549674103286449e+00	6.19245975095680556e+00
8.49902844729234719e-01	5.84890308297979900e+00
3.61741208850357010e+00	6.48169302008669135e+00
2.63690814504782578e+00	6.74237779389254310e+00
5.66003496379920978e+00	5.80580610038193257e+00
3.44532401695022750e-01	5.69930931623984627e+00
1.08382079490542038e+00	6.22073156650416781e+00
2.24461186303036930e+00	5.85605726114671121e+00
1.12068613448909704e+00	7.02646847373351235e+00
5.26731746963066616e+00	6.24911274098682590e+00
1.59496643767971458e+00	6.09741039892747061e+00
2.24348455591297835e+00	5.92839160523348596e+00
1.82930979273020489e+00	6.38346940645341654e+00
4.10663248647320334e+00	6.10868325853785876e+00
2.34674830636218790e+00	6.22257155357039782e+00
1.63650691819823946e+00	5.61185371803373467e+00
2.89265479621290433e+00	7.45963955466938433e+00
8.34357654848155050e-01	6.75552203277421981e+00
3.12319624953715680e+00	5.43788470668890778e+00
4.06616740581275682e+00	6.78793968002256598e+00
4.28299339063773576e+00	6.81594655066437305e+00
9.36281819989064346e-02	5.88946238781202513e+00
1.37598518246092638e+00	6.44706376396624581e+00
3.67785853231158466e+00	6.64922907171153543e+00
9.46997645185471582e-01	6.70813140025502275e+00
3.43629491289331135e+00	6.05244010139977462e+00
5.79530936896129578e+00	6.70908672394986638e+00
3.27237594267106191e+00	6.33815725732632451e+00
2.10147472961900217e+00	6.56578698477134637e+00
6.86010212884096277e-02	6.94404656839423673e+00
1.88398446002644393e+00	6.58139103812234882e+00
3.64142012781452440e+00	6.47302760864039328e+00
2.32147883667843696e-01	5.96075242168430730e+00
3.22446437784262185e+00	6.18508996056847060e+00
5.29991113816010895e+00	6.36871084266034249e+00
4.68856139713911002e+00	6.77976385987310337e+00
5.41577739536589231e+00	5.81372636003286392e+00
1.70116905011140496e+00	6.51557890060258593e+00
1.41943228118721154e+00	6.63033045017523204e+00
3.68039632359910263e+00	5.95663676329216329e+00
1.55428581652104136e+00	5.82644893484710558e+00
4.86216240686739098e+00	5.39263101775583742e+00
5.75881053717002445e+00	5.67740188289197079e+00
6.25547798399403110e+00	5.72155194385870125e+00
3.30088803757325022e-01	5.46787819168264377e+00
2.14222642226383542e+00	6.81044849307516653e+00
5.17158447913420094e+00	6.22071300681534556e+00
1.19604763962194260e+00	6.40187615300564605e+00
1.08399066895286400e+00	6.43290723118945262e+00
1.55602062670365648e+00	6.11027864666563314e+00
1.74766884925347998e+00	5.95815796474640980e+00
1.90995854712923824e-01	6.93428316558212909e+00
5.51449379955204666e+00	5.88420631411702288e+00
1.49095972380275010e+00	6.38369016767106512e+00
1.17139874856521420e+00	6.34098045906568508e+00
3.84443830182518731e+00	6.51864214971529066e+00
3.16388099027314329e+00	5.60086695527649248e+00
6.03308381696646290e+00	6.43448223072050407e+00
2.02693294722556594e+00	7.33231570154024759e+00
4.15218860982695492e+00	6.43792231955898231e+00
5.33859678378482916e-01	6.09066656717801713e+00
2.59782047197971844e+00	6.85749019771419199e+00
5.46222364585456877e+00	6.74395906173382720e+00
1.75038644780220465e+00	6.68178870284916293e+00
5.64282349852172516e+00	6.91676586351105982e+00
7.50548859882133490e-01	6.79520240953466725e+00
4.83390670591373084e+00	6.14163919317916651e+00
4.77673542262225137e+00	6.34603307447163534e+00
4.15528358564941858e+00	6.49266513825635627e+00
8.81039546329477563e-01	6.37101380119377847e+00
4.23322588015798917e+00	6.00814108388420554e+00
3.70373288936303258e+00	6.28934048472928797e+00
5.18117603130531457e-01	5.82655011431682102e+00
1.66762268251492185e+00	6.88246307637513155e+00
4.99211167611085482e+00	7.06394026656593255e+00
3.66657330136259185e+00	5.82374849325861810e+00
5.79090537111505732e+00	6.76180460962661201e+00
6.13412102950468086e+00	6.82591604770339533e+00
3.92448559501066629e+00	5.74387514509592556e+00
2.40741931102131046e+00	6.43343312894913311e+00
4.11477865510047458e+00	6.63849730937877069e+00
5.19225395213319807e+00	6.80398427035188025e+00
3.57640216741093653e+00	5.90945890402404039e+00
7.25300482551259229e-01	7.05597152679689454e+00
1.07093461077812724e+00	6.69801254239091470e+00
2.54775030130424662e+00	6.45051177046479918e+00
4.65791455950961097e+00	5.75110540536702874e+00
1.14547655994422432e-01	6.58248048324605950e+00
4.43951106037980894e-02	5.99265587229432040e+00
9.62087206304715226e-01	6.84683412662890234e+00
1.32752040345720923e+00	5.94591037044358206e+00
5.16464157818270397e+00	6.16130958528709094e+00
4.54891600341434277e+00	6.08766458115849396e+00
5.33462739256761775e+00	7.19597082327813276e+00
6.03267129162293436e+00	6.45569117814189131e+00
6.11563693082774140e+00	6.56515517308740737e+00
5.86311901008517600e-01	6.64066653373429361e+00
5.91615354725693443e+00	6.07046536196950282e+00
1.38518263035297440e+00	6.42096261369349808e+00
7.45714310615785747e-01	6.72813149765209939e+00
4.61537027726967608e+00	6.68857745774468881e+00
2.49220773152455255e+00	6.55430912324263826e+00
4.73275767084331811e+00	6.75668643157436044e+00
5.60413104447626043e-01	6.87544913916021105e+00
4.29235632674882339e+00	6.12431841172251268e+00
4.77908107717498609e+00	6.06156900555104006e+00
5.45099749924098997e+00	6.88909933427196108e+00
9.95897466767803885e-01	6.10643736214511268e+00
9.53559499864684579e-01	5.89670341570384515e+00
5.92625094724173263e+00	6.36148545442478142e+00
6.07319106493871708e+00	6.70528995683204077e+00
4.36310083023715434e-01	6.00498559802092302e+00
4.35198091780870389e+00	5.90978072891071804e+00
1.77691329264983522e+00	6.12330225752612556e+00
8.69519794983087735e-01	6.35061712775835918e+00
5.08329459931663585e+00	6.50654209359934743e+00
2.10955859256524869e+00	6.39086930478389004e+00
1.62806598328120278e+00	6.65742380742999540e+00
5.07526585912364236e+00	5.86389420583308141e+00
2.71357971965379052e+00	6.98031850207747784e+00
4.72657687121389802e+00	6.41305683402563798e+00
1.18312473332500656e+00	6.45915962696189538e+00
8.72152359955497336e-01	5.90942796226455158e+00
5.87657742924862259e+00	6.33710018595917735e+00
1.41383967117852394e+00	7.26638420090315762e+00
5.48450043279967847e+00	6.29929734833007426e+00
4.99007754411157389e+00	7.30623393850810920e+00
3.55044408755777274e+00	6.24147338112629857e+00
4.03381951044658216e+00	7.01311760107989368e+00
3.68270989050667130e-01	6.08528554063255367e+00
5.18467813137775657e+00	6.85538504056088627e+00
3.67151409944325025e+00	7.33147475075098498e+00
4.33796460313212506e+00	6.72560242639047345e+00
4.37196563689034789e+00	6.59713611190085647e+00
4.78452402188658643e-01	6.77265012999513960e+00
1.09637244185202731e+00	5.82838851976914629e+00
4.07916420410191094e+00	7.27539074171072997e+00
2.60677485603278347e+00	6.59189363995043109e+00
2.95896993192965452e+00	5.79165833424321530e+00
6.12936207799303201e+00	6.30617985041454343e+00
5.48215817221688995e-01	6.14238116459490868e+00
6.27912492245780296e+00	6.58195158341098363e+00
4.51781656233759588e+00	6.80642800969258310e+00
6.10343718297359406e+00	5.77009023504010798e+00
4.18592853904043150e+00	5.96688986305072344e+00
2.97395237526124800e+00	6.41799750796933388e+00
1.99972279967531730e+00	6.05277485899680912e+00
7.93190566614520143e-01	6.93984768229518956e+00
6.21119426875034897e+00	6.94426943792429796e+00
3.30438926867235250e-01	5.72203325748737512e+00
1.07977112459565405e+00	6.01085726051142810e+00
1.87412394451465936e+00	5.97569121561831729e+00
2.39123748259852675e+00	6.30891541606110540e+00
2.41995633756462630e-01	6.24346015731075799e+00
5.67595199234617898e+00	6.17047358634437426e+00
1.35571877850298850e+00	5.71161989714269414e+00
4.16479065430141571e+00	6.09883101680335216e+00
4.40580176174508953e+00	6.54006319889874810e+00
4.81847372770105586e+00	5.95143292782922018e+00
3.43194202062727838e+00	5.88972496498797415e+00
7.50711627073544635e-02	6.49590870630330919e+00
3.69327423638757202e-01	6.74402653386787865e+00
1.19667258944818800e+00	6.61902712522601444e+00
6.13441004945222801e+00	6.83551414726786355e+00
3.99313467023216656e-02	6.25960483721966288e+00
4.93171124985396325e+00	6.79008070154203836e+00
5.82886039448894500e-01	6.40302935306018650e+00
2.71977846051054284e+00	6.90929486652672065e+00
3.02820239547474834e+00	7.49389518070376504e+00
5.99108509491441144e+00	6.89523288314984217e+00
1.18540922327281772e+00	6.46853694388564282e+00
8.55923264649550264e-01	6.09250503314503433e+00
2.93485068158626294e+00	5.49845415035264651e+00
4.42162584232893074e+00	6.37165567089054896e+00
2.77717625326001283e+00	7.04059926775090528e+00
5.07397693466845046e-01	6.53564635633908164e+00
5.76031805377055939e+00	6.18557529780147419e+00
5.31729162314087933e+00	5.85765969737184466e+00
2.71114221725232518e+00	6.38561646687184759e+00
1.52931244145667194e-01	5.91314819174782258e+00
4.17652051871995589e+00	5.90238158487231868e+00
3.62701910079295287e+00	6.34818026498029297e+00
1.09842903549550797e+00	6.26096163119547899e+00
2.34631669871522464e+00	6.54393541599989970e+00
2.95220486329995602e+00	6.17959257064511736e+00
5.10850146488407386e+00	6.21753447536166881e+00
3.90435961655922315e+00	6.36205480528482159e+00
3.67564396399632276e+00	6.04199716210110527e+00
4.20172058171832230e+00	5.96604692720851748e+00
5.13509650512091831e+00	6.42542420199166386e+00
2.22629371778042007e+00	5.96875450049589062e+00
4.90082794029434776e+00	6.04535630920134714e+00
4.50082681107263483e+00	6.28533968131716758e+00
4.85091440425769616e+00	6.54874481521575280e+00
7.01185939878248843e-01	6.59737581120132255e+00
5.76545816273626599e+00	6.10156752274851399e+00
1.39715188668611745e+00	5.99469086167766285e+00
5.16047225580317903e+00	5.82908226660994178e+00
5.42876118246164374e+00	6.22912632375798925e+00
5.09780801648261783e-01	5.81237164982004728e+00
1.66826660346282840e+00	5.98886127961600856e+00
1.70607421735930798e+00	5.68642095487073007e+00
6.06440456243867221e+00	6.30329727366023906e+00
4.16464835333394223e+00	6.65046043481680194e+00
1.20373483233081124e+00	5.27608682654130678e+00
9.50010481083582992e-01	6.45384540642637550e+00
7.60839286055908559e-01	6.33829346534382498e+00
1.14378063119833784e+00	6.45860382144971190e+00
4.98903170397621842e+00	5.91232650280207395e+00
2.73558646655052140e+00	6.80038986091515074e+00
2.41407643970339869e+00	6.18161618986701544e+00
1.35948802204600949e+00	6.13392087318236801e+00
3.25721388810928447e+00	6.08564008002420831e+00
6.65637612776899035e-01	6.10939863198985034e+00
5.32240802405618219e+00	6.01231971047609992e+00
4.88342130418998099e+00	5.62799774149955656e+00
6.10361727111507157e+00	6.15022823390874240e+00
4.89861314668970227e+00	5.83385119476167802e+00
4.21215061709030270e+00	6.86061645027373412e+00
5.91951660866922236e+00	6.25181132370368609e+00
2.55325651137113274e+00	6.11735478548020950e+00
3.85964057200498178e+00	6.41692996115973902e+00
4.69537714125109851e+00	6.44481522687164610e+00
4.70972388523439545e+00	5.82587882701804727e+00
4.19093432286803758e+00	6.00502876942069896e+00
5.28229124956139096e+00	6.21824118950734661e+00
3.03140358792732556e+00	6.59254744232360590e+00
2.44199648580695943e-03	6.37033803759395223e+00
3.54599707991998425e+00	6.96274798291442831e+00
6.21880625869239889e+00	6.68261944708113642e+00
9.66565444317674660e-01	6.81849767503354265e+00
2.92155754583332561e+00	6.22386860550420273e+00
4.09841361666903037e+00	6.40452560939234683e+00
2.88625094253799841e-01	7.04483810812668132e+00
5.37705235043144292e+00	6.70219005967989556e+00
4.73363168247267474e+00	6.65380018929255890e+00
4.55327810328677141e-01	6.27746653443167535e+00
3.51334640732463921e+00	7.14821712794711228e+00
3.89239748463712942e+00	6.42547472947792553e+00
5.57484601095485921e+00	7.22603369706044774e+00
2.17036973014724976e+00	6.22502303934422141e+00
1.75449423984728736e+00	6.32214024366445493e+00
5.98590290072138043e+00	6.60136513049343510e+00
1.37280930726864114e+00	5.38563324592341441e+00
3.77697904421063502e+00	6.23776474369436507e+00
6.79981960500380733e-01	6.27873400500344925e+00
4.59780701237816114e+00	6.32972583437451775e+00
5.14983740019665959e-01	5.68691614647644794e+00
4.97865345590426778e-01	6.35776494866912945e+00
5.53006477190136714e+00	5.75483204383841596e+00
2.06897517646131535e+00	6.76004280585890438e+00
5.70372904991076979e+00	6.50308874086266453e+00
5.25040828419020489e+00	6.97230770893128327e+00
3.11328845836470069e+00	6.48111904850023368e+00
7.96042519559707173e-01	6.15021836182961135e+00
4.12585178633456540e+00	5.96549650584877167e+00
2.47050521307172710e+00	6.28394098587303951e+00
3.02901980972942797e-01	7.38342217288637315e+00
4.15795172586369599e+00	6.15964590981802829e+00
5.76395092409016652e-01	6.13348547574245107e+00
5.05058928087933179e+00	5.76493089939230607e+00
6.13501688835264325e+00	6.31768775726137033e+00
6.23175434180949139e+00	5.75945677117396748e+00
5.18327836161964672e+00	6.68100481558984605e+00
5.01200874006698438e+00	7.02872763657301824e+00
4.15825660384323026e+00	6.47098348906298781e+00
5.90502731794821489e+00	7.38386656597824942e+00
5.11179903145392167e+00	5.88702023511673111e+00
2.60711342208986174e+00	5.99645361479317263e+00
2.21849780977735822e+00	6.39112588546713223e+00
1.47537810726147955e+00	6.09841693524649120e+00
3.16552962287750494e+00	6.79969398787897550e+00
2.83915876105197307e-01	6.14696429357324625e+00
3.32637581267039950e+00	5.82086078659983031e+00
4.89860557462572022e+00	6.27220619239805988e+00
4.81052124357589683e+00	6.55904807581028670e+00
4.81879427060738941e+00	6.59893243318925204e+00
3.50913923632854940e+00	6.50740277282150892e+00
3.62866249907642446e+00	6.53579225001216724e+00
3.38555052423649805e+00	6.17618475010606005e+00
1.33710695244848954e+00	6.86994933968777755e+00
1.41766188991105602e-01	6.40303993749138201e+00
1.39698150939485455e+00	6.62767262639008425e+00
5.38736900087471948e+00	6.51169962232454935e+00
2.12461308753811551e+00	6.17914166794066055e+00
4.79428665062380510e+00	6.22654683405336584e+00
4.71752701712693590e+00	6.72633183782763666e+00
2.00735776328289539e+00	6.25847639053859162e+00
3.83975206904545618e-01	6.54315897020453807e+00
1.83196684402543636e-01	6.83616867336080158e+00
4.94011173216025323e+00	6.09164820653412420e+00
3.12111393486799438e+00	6.52034322132428112e+00
4.01361657957829721e+00	6.48152670452035906e+00
5.19417049185137714e+00	6.52147753831190169e+00
9.19830849749603829e-01	7.31495090125406300e+00
4.13724605149389202e+00	6.26123440503601447e+00
9.05384829219565757e-01	6.37741912233099395e+00
1.68440742629183116e+00	6.58067255691527109e+00
2.18510725465973454e+00	6.83440215753858560e+00
2.64332017643479844e+00	5.73471881944207773e+00
1.87107612439358428e+00	6.33198049486455972e+00
1.24992716412835136e+00	6.15636200502150288e+00
6.07351305320811452e+00	6.28827828464038685e+00
4.53234014093256121e+00	6.31708658871070039e+00
3.52636021642522701e+00	5.60238339546637043e+00
5.02121960584366178e+00	6.83237878640012397e+00
4.81260967909430626e+00	6.43945235526486126e+00
3.25136788898580509e+00	5.84272298533299139e+00
3.24001324842559058e+00	6.19923581626827946e+00
1.02126496659209232e+00	5.80850637236150025e+00
2.64500251759755844e+00	6.02272377834585093e+00
4.85981496462876361e+00	5.84072153039222641e+00
5.80215663018039862e+00	7.18565272550282597e+00
1.43670398357955720e+00	6.21885587690338326e+00
2.44723334632280132e+00	6.41466584988370681e+00
1.37645604312581105e+00	5.91440691146436581e+00
1.62242697243685535e-01	6.16777560699832073e+00
5.07646229789781867e+00	6.38003118980360107e+00
8.24295982248705261e-01	5.77387904061706347e+00
5.21119601146339306e+00	6.28083583576741233e+00
3.77222209104508366e+00	6.19516926796043244e+00
4.88612577158601979e+00	6.72639848715877076e+00
3.78138417435546703e+00	6.35909698970170378e+00
2.66826024670616002e+00	5.99966152451954748e+00
2.41168989366449349e+00	6.13938622099010356e+00
2.70186984747373060e+00	6.28546683107863480e+00
6.23568309608827764e+00	6.35856273573094732e+00
6.16706351622110471e+00	7.33640440900451107e+00
2.38464619400754518e+00	5.72984846304177964e+00
2.88901847633246334e+00	6.27937598257081042e+00
2.39693475269249001e+00	5.86886450837818341e+00
2.17605468539681590e+00	6.27049091144747894e+00
5.69160108744680482e+00	6.69928070882840920e+00
2.96123607981057946e+00	6.07264291181466209e+00
3.95177021972036568e+00	6.54127055323503992e+00
5.83249097680467621e+00	6.51770076901882156e+00
2.07986249076672625e+00	5.96391830426708935e+00
5.56066314305487808e+00	5.56539734042963730e+00
1.68529175734532388e+00	6.87812351944484401e+00
4.69768151225561681e+00	6.31822426059961550e+00
1.98994137536660709e+00	6.73284110878174591e+00
4.59269349341147581e+00	6.12370178413793465e+00
1.38105905342180924e+00	6.29449577190815734e+00
3.33399590425277692e+00	6.48791294996830636e+00
6.17816137369658347e-01	6.91980044638673064e+00
2.88276279870403940e+00	6.12747981781111584e+00
1.19120014938225971e+00	6.15399632091589943e+00
1.15059551804033111e+00	6.17069288599510379e+00
5.46528450057573689e+00	5.64116879409684735e+00
5.60936571939249085e+00	5.98340865321979010e+00
2.00026033136877723e+00	5.64166924010015070e+00
6.04961461571970993e+00	6.44823245418311064e+00
4.13338595196059888e+00	6.23998588165423129e+00
8.82402836762345322e-01	6.24667728065809236e+00
3.92158944438444834e+00	6.10182516976628175e+00
7.35521405487055913e-01	6.17830087062901345e+00
9.52454156999345658e-01	6.64332176102807104e+00
4.15696992935604470e+00	5.63309855398518877e+00
4.31271436204361702e-01	6.75850580596402395e+00
5.37694685648286264e+00	6.41123476297049422e+00
3.75611559705174480e+00	6.23107774003989157e+00
3.77695403416313980e+00	6.29859680236869135e+00
1.93823169191808392e-01	6.35937766063133747e+00
1.74237077146766439e+00	6.06048145305728170e+00
3.45617215723529370e+00	6.21880717672356020e+00
2.27899286927900535e+00	6.29820156292804256e+00
2.14327935755187804e+00	6.73412806123151242e+00
8.44273898761277120e-01	6.43660340491965854e+00
4.66364196279018550e+00	7.21924421624503676e+00
1.00908663878447125e+00	6.61376652510899188e+00
5.25683493305463223e+00	5.65075229514327049e+00
3.04182468194400135e+00	6.89173401692800436e+00
8.58958064799713927e-01	6.49571555411707457e+00
2.65402672965641528e+00	5.89212522164587948e+00
1.49887990377086733e+00	6.84461025275105328e+00
2.81754412301404678e+00	5.86098560352108944e+00
4.38202460016551321e+00	5.79543988208954186e+00
4.03154449728209308e+00	6.14909606006451348e+00
1.40199397290641303e+00	5.82206333321481573e+00
1.94728838953582395e+00	6.07759241248746740e+00
5.57472905065436741e+00	5.72442396556903255e+00
4.73475726334673119e+00	6.80892995673666057e+00
5.18105727161558427e+00	6.29857242382114002e+00
5.89503899313545787e+00	6.36496089848444413e+00
6.14542825981575991e+00	7.51422177346605658e+00
3.51450104760343596e+00	5.75604877863807118e+00
2.26357196891799806e+00	6.89484376185699332e+00
3.22610344003690441e+00	6.60299592502641453e+00
1.18944529137027688e+00	6.84802540764543100e+00
3.36232634861697832e+00	6.25040154677504578e+00
6.56878428809078097e-01	6.91178854764496897e+00
1.92947884823722138e+00	6.31391189551843102e+00
6.14228774920513931e+00	6.24906605952139760e+00
5.93347373953195856e+00	6.27188215974784136e+00
5.96396216361425324e+00	6.78286579387296218e+00
5.99168279642850021e-01	5.95649573248954223e+00
1.90468771180390739e-01	6.38843453774478132e+00
3.45913006641117526e+00	6.40454288606032485e+00
4.40167757038833152e+00	6.23675078856096921e+00
1.16379362263479447e+00	6.65903467556220807e+00
5.45023193958057117e+00	6.07807528326617685e+00
5.23409639064676857e-01	6.55779517735723605e+00
4.76501598880962174e+00	5.52671035711942604e+00
4.65417601091374333e+00	5.94322089576560142e+00
3.23554372940438761e-01	5.12221018718558430e+00
1.43798612302069390e-01	6.83726467938343241e+00
4.14899409413249476e+00	6.81012636989450382e+00
9.90888485001275354e-01	6.19028625013071032e+00
5.43935013755048580e+00	6.11353891418828077e+00
2.45637539058132548e+00	5.50677547579858206e+00
3.51391659720131599e+00	6.68833291424096554e+00
2.81136778821060629e+00	6.52584135154488809e+00
4.66159117985731797e+00	6.40829012480372029e+00
5.06361268672252465e-02	5.81720014206271596e+00
3.11444960570311702e+00	6.18193430294570145e+00
6.17002287368588576e+00	6.57784093687113902e+00
5.57436174118285344e+00	7.27187176432807281e+00
6.12152020802973507e+00	5.80135526798725287e+00
4.69452258935804156e+00	6.63137422306771107e+00
4.26530317664107805e+00	6.55664358580532980e+00
3.75941719834965715e+00	6.02544812691728904e+00
1.47119887800071703e+00	5.93603203968810966e+00
1.16650713671624007e+00	6.37591961019755704e+00
3.73878208637052101e+00	6.68205290260724283e+00
3.53777438897378671e+00	6.34710292623276473e+00
3.77372133045512115e+00	6.65757324254278249e+00
1.27918654391830278e+00	6.06759475962545203e+00
1.59159364201052367e+00	5.41437741825525620e+00
2.98013195481698967e-01	6.50162544689850463e+00
4.72975729608141204e+00	5.14697605191274565e+00
8.69482958705834696e-01	6.46279543119048672e+00
2.35264829886616234e+00	6.96557957799286953e+00
2.39448860737100855e+00	6.60543059590658643e+00
2.88325708653905588e+00	6.52578537862073915e+00
3.34978734713425474e+00	6.67213896675530549e+00
5.58057028944241384e+00	6.12156930994407755e+00
4.41171362729220107e+00	5.59751863418551032e+00
8.74820962451888340e-01	5.66214464041552823e+00
1.70487621618862151e+00	6.23277784041856009e+00
4.23064933909636931e+00	6.57175958959629192e+00
3.19432785577862299e+00	6.06846052438469830e+00
1.25355924154636011e+00	6.10577861755074913e+00
4.57684081863084380e+00	5.80220345672565774e+00
3.53300752892699821e+00	6.60922008790403837e+00
1.43529101830036671e-01	6.97256663758195838e+00
1.25607158976263178e+00	6.64523724056204390e+00
4.20910823609864870e+00	6.38561832234543036e+00
6.00253779194768899e+00	6.20615626578636181e+00
3.63513068311097864e+00	5.57878525305230077e+00
6.18182539831962163e+00	5.72854361111739774e+00
8.13403664763460710e-01	6.36076552235557013e+00
1.10490646517232705e+00	5.67355736408847999e+00
4.53344700523270294e+00	5.32853990678452138e+00
1.82937718936614790e+00	6.11946695051519285e+00
2.52956474324571934e+00	7.28731044748557011e+00
2.71156060597151782e+00	6.12788187242450366e+00
3.70806988556120931e+00	6.42349569416237021e+00
4.42030715919415673e+00	7.28889784398495610e+00
1.13473539408083623e+00	6.21577196660844855e+00
2.68519680919557002e+00	6.19008246967919806e+00
3.41986945009349297e+00	6.32788214178032771e+00
2.87542233513513557e+00	5.61326731346307994e+00
6.08430918090376593e+00	6.10849790695431150e+00
5.44053515386029485e+00	5.75421108437305051e+00
1.47172444302428307e+00	6.66763218567484284e+00
3.49116989756223806e+00	6.02119993499003758e+00
4.15745357885078448e+00	5.33281944112141382e+00
5.60904420803438875e+00	6.29399133977567260e+00
2.54083753353936048e+00	6.74330101077422750e+00
5.01762080396029919e+00	6.57235919970492333e+00
9.39993377746356829e-01	6.36826357885927763e+00
5.05751343599855385e+00	5.93305072975933356e+00
2.50672058107831885e+00	5.97604404112941268e+00
4.70532125667947998e-01	6.45067774576079511e+00
5.70326218008640673e+00	6.36102891784145363e+00
4.76804472370142562e+00	7.22874628470038605e+00
9.48091457330504372e-01	5.67248301949735811e+00
5.30168390814106250e+00	6.78123103278883654e+00
2.24291044834168352e+00	6.51503733749129932e+00
3.44696920584542887e+00	6.76871171264459459e+00
4.69751176109329149e-01	6.95177075347313345e+00
5.53232578786566759e-02	5.78514010401169720e+00
9.18277286339585719e-01	6.30458365250621444e+00
5.30701031972425064e+00	6.34718718779228741e+00
3.35724231037543985e+00	5.60803155157457045e+00
5.97752594798948866e+00	6.36404969553547151e+00
6.19050913375038703e-01	7.12142108642940030e+00
3.42727105193479398e+00	6.37693906448467374e+00
1.18137189706581003e+00	6.78165731270116190e+00
4.20962535130738491e+00	6.60076482482700122e+00
2.62861942383117164e-01	6.03636004349742805e+00
4.83304161223298945e-01	6.27029441896005046e+00
5.85909023902310100e+00	5.90953485970480674e+00
5.16865998885893685e+00	6.31644486418557882e+00
3.07866957578459255e+00	6.08628349551506354e+00
2.41005874585702395e+00	5.91595450177484672e+00
3.64951314277627903e+00	6.73151887731879217e+00
5.50800876270121176e+00	6.55175625590725996e+00
5.34219634345975614e+00	5.87161605183776114e+00
4.10362797750480279e+00	6.37108231525342905e+00
4.63156099438271429e+00	5.98695070154830233e+00
1.45379697589925616e+00	6.06849014403499076e+00
3.76724750833428645e+00	6.30994121855256118e+00
4.62329568278117531e+00	5.64853395788325408e+00
3.56258510510268289e+00	6.52586275307496155e+00
3.55060301312630644e+00	6.82563950409125653e+00
5.06128852828805798e+00	6.55901808588792790e+00
3.82970535624629216e+00	6.26498585234415639e+00
6.20597668071729114e+00	6.46384605732991435e+00
2.19922528017873953e+00	5.81755768072614821e+00
2.16745200733102417e+00	6.56824046629421510e+00
1.43108945320635939e+00	6.46032644063227313e+00
3.89506934651500236e+00	5.18849194242899348e+00
3.64004157622024627e+00	6.50472966884966297e+00
5.94383128731307764e+00	6.27572417078912537e+00
5.67370458737169425e+00	6.52409841958627013e+00
1.81705459735499120e+00	5.67130068923753328e+00
5.08662083322917802e+00	6.21079301042195198e+00
1.60924702265576380e+00	5.42493909865090096e+00
6.26362723645261532e+00	5.85826361748428148e+00
4.68330713374979002e+00	6.87687428872243611e+00
6.00891513462114979e+00	5.83157465657874141e+00
1.99515070961585672e+00	6.70397347053520676e+00
1.74611005444840817e-01	6.05796781810385188e+00
5.27862696746477056e+00	6.71543527861277045e+00
2.16015341832924079e+00	6.43912744121158642e+00
2.69273393284196150e+00	6.49233112648000699e+00
8.41394685800588293e-01	5.79231918755847985e+00
2.71665740085871343e+00	6.03759566528286040e+00
4.44485153938325350e+00	5.73025286391535005e+00
7.89327116998822853e-01	6.74802641300661232e+00
4.15354309641881692e+00	5.45873921217260794e+00
2.01269295237456358e+00	6.55497017732767784e+00
5.94389717714339838e+00	5.97277238045028014e+00
2.63483123439805045e+00	6.36946162601791777e+00
4.13380033521008894e+00	6.34025284930054855e+00
3.60229239127187961e+00	6.48542324982631957e+00
3.37974408826957262e+00	6.02357269668282935e+00
2.61758995777593206e-01	6.17554178485312466e+00
4.81267312585143348e+00	5.79112167293058899e+00
6.87103179462478897e-01	6.14227805481735700e+00
5.05067305927193466e+00	6.22835756645350003e+00
6.00169683348943028e+00	6.22261389557160971e+00
1.42396818450504670e+00	6.52563649101314702e+00
2.95602485254533409e+00	6.43208739467279678e+00
1.99286281692059142e-01	6.24017404531979025e+00
1.64083062524857759e+00	6.70897796036098804e+00
2.84275537733572436e+00	6.31490177890126159e+00
5.32687158900079982e+00	6.00814967177631321e+00
2.14180504334008681e+00	6.75946926430161188e+00
5.23778543116897488e+00	6.15496940897250511e+00
5.00827369369700026e+00	6.19910977074524361e+00
4.74333362644210155e+00	6.25275719569879840e+00
1.68448126854483471e+00	5.94644710173670443e+00
3.12623099702226970e+00	6.52899778347154580e+00
2.53128799930133885e+00	7.01099019745381646e+00
9.48738584994841871e-01	6.79943229086702949e+00
2.57336492017643614e+00	6.05283584891371973e+00
5.05962274150629021e+00	6.65748708215632590e+00
5.42117740343184629e+00	6.20855840008979598e+00
4.41688613696754206e+00	5.95322250787257090e+00
4.88519723699982311e+00	6.25803097229364802e+00
3.02836344812616964e+00	5.67094684164320650e+00
5.77017022772345137e-02	6.77860991314066919e+00
5.19120734835460595e+00	6.43153632017966359e+00
1.78749820423310379e+00	6.10383659897232000e+00
5.90653964169755952e+00	5.94304024460154601e+00
3.54899521641722826e+00	5.99448384096552900e+00
2.95019340067924141e+00	6.08428565917769770e+00
3.16708988060065666e+00	6.59338305227165122e+00
5.71373025425430203e+00	5.76460482544796449e+00
5.53335316012318135e+00	6.07658829797919786e+00
2.07275671436788000e+00	5.89055424041371012e+00
2.60232704379005053e+00	5.92693284445604807e+00
5.13182830516860822e+00	6.47596298474932386e+00
6.22367924174254306e+00	6.61407206661603642e+00
3.10728300117050660e-01	6.75899923388658408e+00
5.43949976481170250e+00	6.38432969545805573e+00
2.12433279243399742e+00	6.58156114977427009e+00
4.53606447874219931e+00	6.41156689756489317e+00
4.16925789117041390e+00	6.12302129461828226e+00
4.72133381377706929e+00	6.27060822511261406e+00
3.74853682120178089e+00	6.41611057003822349e+00
3.51364976386936956e+00	6.01852553813718671e+00
3.74547695248739920e+00	6.38450531858906345e+00
2.56882831758375918e+00	6.06335499812669187e+00
1.70550150248602517e+00	6.94536288258436585e+00
4.72413937173826959e+00	6.29350051075713779e+00
3.47945244454068803e+00	5.75120694931019294e+00
6.17925952778247733e+00	6.09674271568498760e+00
1.48850938575805114e+00	5.49132433729413982e+00
1.75564128758124949e+00	6.35930596597064302e+00
2.37524961663229117e+00	5.43995286896491503e+00
4.61356284783357307e+00	6.20242512365905796e+00
3.74405022700074852e+00	6.31122229215810471e+00
6.04352460771216737e+00	6.51420228536968882e+00
3.02150647313101661e+00	6.71919607663958729e+00
2.15138991290141179e+00	5.90412997423911268e+00
4.49410687053986638e-02	5.86016202426396848e+00
4.28087928383285998e+00	6.26823984125751643e+00
2.11471014740201246e+00	6.46633322756146356e+00
3.67869438811158034e+00	6.25178338623973318e+00
5.04748821054014662e+00	7.58927609248443957e+00
4.85186606172706458e+00	5.51944322949647326e+00
3.20600144466446357e-01	6.29654641021109374e+00
1.93409793015124598e+00	5.57263262669043780e+00
5.64409294275976325e+00	6.69739581351285462e+00
4.40211011722870182e+00	6.49364095224381188e+00
3.52581817894408056e+00	5.71752979011241358e+00
2.51807193592452583e+00	6.16267198687205120e+00
6.25011140068036708e-01	6.10255327363012601e+00
5.53959022943362855e-01	6.04129247006179249e+00
3.24560868771784472e+00	5.73545010701320734e+00
3.46631801199273637e+00	7.23639516953416262e+00
2.98542291989510078e+00	5.86764061769069567e+00
4.67064394222542312e+00	6.76446256340068963e+00
2.95325060103104553e+00	6.43462942401761140e+00
7.12659392793244417e-01	6.94519628077777718e+00
5.07854829326887103e+00	6.50458553352263724e+00
7.79557530623215533e-01	6.48625846615447177e+00
5.76508479678390096e+00	6.04474297546750794e+00
4.68441407119583531e+00	6.21493657908340946e+00
3.21404948952444069e+00	6.58278001506979837e+00
3.30627350715932578e-01	6.22443972877974439e+00
7.28361937068839449e-01	6.36790424647707010e+00
9.62468077026829794e-01	5.84306065439468103e+00
4.91241757816325375e+00	6.64970854852781112e+00
3.40414734367733285e+00	6.23260419946973343e+00
9.04130379891846192e-01	6.05870761897595678e+00
1.75774822316169721e+00	6.28433785717603577e+00
2.34782192438604520e+00	6.58694913898335255e+00
1.37164589825887284e+00	7.14698759254283189e+00
1.58205171494651786e+00	5.60107309792324770e+00
2.76399965648716117e+00	5.63030017053153387e+00
1.81422907641367237e+00	6.00234671477607851e+00
1.43935406845889213e+00	5.58531997288212789e+00
9.00926554186725292e-01	6.15519263432443520e+00
5.16693142533652328e+00	6.08320980621081464e+00
4.60534588860041261e+00	6.14448360600297860e+00
5.25127913884234498e+00	7.13091608672865895e+00
1.88836819645727494e+00	6.13251887146401753e+00
6.15481564128796421e+00	5.97050697764736338e+00
2.74804730139439757e+00	6.22847439765857125e+00
6.38683291562962996e-01	6.74958648509549874e+00
7.12335101890789968e-01	5.70602844479865112e+00
2.73021110865421468e+00	6.58124749883815863e+00
5.63142774411179126e+00	5.68364455868116636e+00
4.62766187882422830e+00	7.21952107320238845e+00
1.43529129332896566e+00	5.70326941719190650e+00
5.55804818869031436e-01	5.76571220859537803e+00
1.47583844954536936e+00	6.97091987093070298e+00
4.94941418831207969e+00	6.46403487180456260e+00
3.92688457585325068e+00	6.63121329259830183e+00
8.58637928584606414e-01	5.68297293426305661e+00
2.81790032893733366e+00	6.05583380125442883e+00
4.61552862352264981e+00	5.86819330290625363e+00
2.52793091537232684e+00	5.74027966319393901e+00
5.58656915472773985e+00	6.34528687752055198e+00
5.45909434997394971e+00	6.52127488215585416e+00
3.21856787293534996e+00	5.46744188488919480e+00
4.42187302574522789e+00	6.67331825230816023e+00
3.35147337485057595e-01	6.64152224655559209e+00
3.87395304859517386e+00	6.30439986952413101e+00
6.10051544005848534e+00	6.52617714304533703e+00
5.84729011942668797e-01	6.46832722507311164e+00
3.08726587845339218e+00	5.59079580780987762e+00
1.33451335083622125e+00	6.79868370911808029e+00
4.59822426294708819e+00	5.86123485404255185e+00
5.86055735275210266e-01	6.99329471596249341e+00
4.68285112755508948e+00	5.70040281607463228e+00
3.85641469134688819e+00	6.08079654501536115e+00
2.68163286572421677e+00	6.68858519527799888e+00
5.22880264895014157e+00	5.94750040711422567e+00
9.15365827738578774e-01	5.83303973207923843e+00
5.56202782618575764e+00	6.48226977660238912e+00
5.94464998015815982e-01	6.01723621492910077e+00
3.31583482666539942e+00	6.07303604381243289e+00
2.98599653592592063e+00	6.30743548024702250e+00
1.10285786198739899e+00	6.07272573460938414e+00
9.57245354151312289e-01	6.64867974608013856e+00
2.29938101727955679e+00	5.93792644017477667e+00
3.35430242435030335e-01	5.49167830655780786e+00
4.97098425416194623e+00	5.85342210915477068e+00
4.10711826305083072e+00	6.86616194635388410e+00
9.08583236276118478e-01	6.14299111158680944e+00
2.39820328992131948e+00	6.03423486274201082e+00
4.08736642004666173e+00	6.44283314170209120e+00
6.12540198508313782e+00	6.05487319443359162e+00
6.21361258059244115e+00	6.30222616311485861e+00
3.52382765360692662e+00	6.58265646678376815e+00
1.49974308688059632e+00	6.14015717498536073e+00
4.83008738668483328e+00	6.33304439000151032e+00
5.70588843110438315e+00	6.18735011944734214e+00
4.47752618042842077e+00	7.23508092471179953e+00
2.30208171327278555e+00	6.51144869165234930e+00
5.70599751212809703e-01	6.79276039496604245e+00
5.66720318631921760e+00	6.98946985286857281e+00
5.48723845075896310e+00	6.98099000515316881e+00
3.60186729653620841e+00	7.10072830088735341e+00
4.89270339652213515e+00	7.39680034336908854e+00
3.61987028827003066e+00	6.33903364863297458e+00
5.36520368536146641e+00	6.68568635927241317e+00
5.64060143714005680e+00	5.65950827820215174e+00
6.10182392080256975e+00	6.79467881725285405e+00
4.63738997099141503e+00	5.83964952538659965e+00
5.35979084165227881e+00	6.05939444910337954e+00
4.71004627726918201e-01	6.04978474389654242e+00
3.82973832456814245e+00	6.90024447481383874e+00
2.41815564632919866e+00	6.99991903675825533e+00
5.65138163365781843e+00	7.51708283742762795e+00
5.64447646721527452e+00	6.39942152384594642e+00
5.27751785904829340e+00	6.37316400296590047e+00
3.18421668973469218e+00	6.27429059542248257e+00
5.16057487950648675e+00	6.33990500612587571e+00
1.04818911073187504e+00	6.54953840244135232e+00
3.98269219713066969e+00	6.65431930173079600e+00
5.94985400401477893e+00	6.03875831039075717e+00
5.50977617840199319e+00	5.83255235628332258e+00
7.99022325693409474e-01	6.81548455959740895e+00
2.37049666308477036e+00	5.63524327110204126e+00
2.56447026999441219e+00	6.54056018471534095e+00
5.73945404485112576e+00	6.18319628394529186e+00
5.75806824375875070e+00	6.41937477947006307e+00
4.10255690495840486e-01	6.08932071916429507e+00
1.07328663780201738e+00	5.92245680766445126e+00
5.58685272969419344e+00	5.94584306076791069e+00
2.23767388040945736e+00	6.82200920249431952e+00
5.14596804624359194e+00	6.73200006226409009e+00
2.00122648635631739e+00	6.58605550652492422e+00
2.28600611318345859e+00	6.57759435076339027e+00
5.79755678271328811e+00	6.64024916553742717e+00
1.78999600226615252e+00	6.22629470190296352e+00
2.23287167333602099e+00	6.77958166303892096e+00
1.11710740969346389e+00	6.61677228431930065e+00
5.79044882949234019e+00	6.28879217995642392e+00
3.54329599186471000e+00	6.22911852978491165e+00
