1	5.26510588768274723e-01
2	3.10889167283188717e-01
3	1.17419388215701220e-01
4	1.70535464201445608e-01
5	1.04014599106746541e-01
6	-9.59138164692224238e-01
7	-4.64172073322134338e-01
8	3.88687825690252620e-01
9	-5.79331901203416488e-01
10	6.32733198913558947e-01
11	3.32592931430983507e-01
12	-3.38037688892160404e-01
13	-7.74890072224729276e-02
14	-6.97769184711871659e-01
15	-1.41857809566366899e-01
16	-9.31712057793663839e-01
17	5.07975189223542234e-01
18	2.01522853312124411e-01
19	3.20852036140752528e-01
20	-1.43663523084493677e-01
21	1.62468290279911520e+00
22	2.26424970795444463e-01
23	5.43605091164378940e-01
24	-3.35166695043480456e-01
25	-2.94813150789526301e-01
26	8.43805401744599393e-01
27	6.58072937979311146e-03
28	-2.10229049761977371e-01
29	1.04826372378285049e+00
30	4.69414786229170211e-01
31	-3.34072160890267700e-01
32	4.31909704511397097e-01
33	5.38160576655643652e-01
34	5.38192324008888584e-02
35	-3.12180525806079329e-02
36	-1.07342946388018023e+00
37	-2.44896961970102078e-01
38	-3.85673625574917522e-01
39	1.02405958894697391e+00
40	-4.13775853840689489e-01
41	-1.04822312209393331e+00
42	3.14840819446641662e-01
43	-6.40290434129844543e-01
44	8.79650728418198802e-01
45	1.73363727789721339e-01
46	1.40069812187313347e-01
47	5.48420473547317266e-01
48	1.17220286714151092e-01
49	6.45522117473276924e-01
50	1.09920847047305270e+00
51	1.53409469243770719e-01
52	1.40012612310443207e-01
53	6.14943312297063852e-02
54	3.01343195690526700e-01
55	-2.45703076028871807e-02
56	-5.86378741199604314e-01
57	1.01568039588433878e+00
58	-4.35926247172090275e-01
59	4.93254562855140077e-01
60	-5.80380832223433507e-01
61	-1.00934888516678156e+00
62	-4.41803262790181783e-01
63	-1.41271285211483133e-01
64	-3.15448137621930191e-01
65	-7.98930147157916104e-01
66	-4.14320085715385644e-01
67	-2.83821359585821886e-01
68	1.55795331047794999e-01
69	-2.91353771923816784e-01
70	4.26259692067617213e-01
71	2.39903251724719074e-01
72	3.65276135678107627e-01
73	-2.55758969995519336e-01
74	-7.17863902726316616e-01
75	2.30227254740294679e-01
76	-6.89501610801520171e-01
77	-3.60796482743231450e-01
78	-6.17375940892295527e-01
79	-5.79568571853452119e-01
80	3.96289031246059575e-02
81	-7.69162526944915381e-02
82	-1.50270242834052464e-01
83	-1.14742659157457094e+00
84	5.60259789052832136e-01
85	2.67440800777728804e-01
86	-1.94157983460572003e-01
87	3.33626257427069584e-01
88	-2.23187812333192181e-01
89	2.39765503040506520e-02
90	2.63778340044273883e-02
91	9.09067537244523521e-02
92	2.41163009493906261e-01
93	-5.18721461205998088e-02
94	-3.13557514562896766e-01
95	-6.33989269946017231e-01
96	2.82310089191710079e-01
97	3.93658749025019516e-01
98	-1.15093618315210491e-01
99	9.75693894336405326e-02
100	-6.14770456377529584e-01
101	1.32214348013536959e-01
102	8.78178039197235472e-02
103	8.40043342498820511e-01
104	-6.37435114505065070e-01
105	-5.42061712204283563e-01
106	8.98318896809198741e-01
107	-8.05871909845608525e-01
108	-3.33017895250480478e-01
109	-3.21358844670419586e-01
110	5.75697348582185797e-01
111	1.21533793594587936e-01
112	1.14136153791031206e-02
113	-1.35073270961464625e-01
114	1.26988066721079707e-01
115	-3.29022768702271068e-02
116	-7.15519530780231006e-01
117	6.39999207421026173e-02
118	-5.25716173486308946e-01
119	-2.04847983283409918e-01
120	-4.68526242749108368e-01
121	-3.65746157915545600e-01
122	-2.12379046298832752e-01
123	7.65533836247065835e-01
124	-1.64730240353238910e-01
125	7.73353459870702475e-01
126	-8.20913855426570138e-01
127	3.92523761467451382e-01
128	4.51318406709409425e-01
129	3.09276684090851461e-01
130	4.59027356363740591e-01
131	-3.34257699704492317e-01
132	-1.34331778122255052e-01
133	4.80712487596135409e-03
134	-3.94694717625845959e-01
135	-5.26943008990075401e-01
136	1.06131321606323503e+00
137	1.52317620936313070e-01
138	-1.18448139039869282e+00
139	-1.10919215813860994e+00
140	-4.75429012615297686e-01
141	5.30775532106375070e-01
142	-1.64277298136274397e-01
143	-6.50176827655971845e-01
144	8.71835222655684916e-01
145	1.74751118111457805e-02
146	-1.85302162364882790e-02
147	-3.54500013448864060e-01
148	-2.77895573998728940e-01
149	3.46759483263501533e-01
150	-3.01216988928675877e-01
151	7.81877670534795621e-01
152	3.39048272859755140e-01
153	2.05208950398372503e-01
154	5.70449220002434254e-01
155	5.47045109611469682e-01
156	-9.86558363532168081e-01
157	-7.03134694049069586e-01
158	2.16383071344346589e-01
159	-4.78658099788228542e-01
160	1.72840909132038131e-02
161	4.21649851185940339e-01
162	-3.24925880536670597e-01
163	6.29660156263097237e-01
164	4.96193779740688012e-01
165	6.41149474520455676e-01
166	-1.68456972592457344e-01
167	1.08822624278199709e+00
168	-8.08443210201704510e-01
169	-6.50818147752949772e-01
170	-2.00958425519083778e-04
171	2.56830040757201394e-01
172	4.09881403268728961e-01
173	-6.21722347230147743e-01
174	-7.93500209412396351e-02
175	4.55213212146929502e-01
176	2.70485538010377946e-01
177	-6.88586835598366198e-01
178	-8.50383076480136335e-01
179	3.60898602241487731e-01
180	4.38753850979191617e-01
181	-5.97439814108567877e-02
182	2.74159110682058171e-01
183	4.53135091988388083e-01
184	2.23804189169778761e-01
185	-3.41415289333751648e-01
186	7.91262554555690611e-01
187	3.84186270156324616e-01
188	-2.55803075852678530e-01
189	5.88313652194139780e-01
190	7.26688505009383312e-01
191	-4.21904322322286085e-01
192	1.74319150291601221e-01
193	5.39086495404264565e-01
194	8.77630396564153398e-02
195	8.13360702856356976e-01
196	2.72609143492687278e-01
197	-4.28910799207217919e-01
198	-1.70594361623828905e-01
199	-2.36010117176427281e-01
200	1.13068609800783682e+00
201	1.92874270047550117e-01
202	-7.17890051075466995e-01
203	6.42868140878772032e-02
204	3.73067214187999430e-01
205	-4.46289439584398484e-01
206	4.63208115119364883e-01
207	-7.85155450479235961e-01
208	-6.02252255009977699e-01
209	1.79416304646294406e-01
210	-5.52683230005719187e-02
211	5.93293742081610120e-01
212	2.36087519864892154e-01
213	-1.73903456627408359e-01
214	-1.28433499852895431e-02
215	9.85004658467476812e-02
216	1.91886309041516878e-01
217	1.13895832350196458e-01
218	1.21923136822099182e-01
219	5.39750477908761739e-01
220	-3.02049349883400819e-01
221	6.96163470208635782e-01
222	2.59382766877762905e-01
223	-2.46597007548957720e-01
224	-2.46771881710503960e-01
225	-5.21513742174796846e-01
226	-2.45605150557359680e-01
227	-7.36307274556708413e-01
228	-2.07641388697893531e-01
229	-6.15103254588723836e-01
230	-9.10760880708870624e-01
231	-6.27104346891526904e-03
232	-2.05602079933274590e-01
233	-9.66706892142364826e-01
234	-6.60503183714926390e-02
235	1.09770628213165355e-01
236	-2.05101595979666290e-01
237	2.89705216920731812e-01
238	1.81973073594265289e-01
239	8.90977808688136919e-01
240	-2.98907289095568740e-01
241	2.57262177977416795e-01
242	-5.36216845031726286e-01
243	-7.02065563079057042e-02
244	-8.36575558594906843e-01
245	3.76491566916612452e-01
246	-1.03559172600183519e-01
247	6.58379645698795701e-01
248	1.56054587329732986e-01
249	-7.73768844145389267e-01
250	-7.28615297832878706e-01
251	-4.34775840065926400e-01
252	-4.61741300495260243e-01
253	-4.91480220282868641e-01
254	-2.07263909847296091e-01
255	5.19441767253027639e-02
256	1.65767352070109036e-01
257	5.02995256461433504e-01
258	2.32977791627178216e-01
259	-1.43490967874475045e-01
260	4.48129155751505071e-03
261	-3.76837971064107713e-01
262	-1.77871743044355046e-01
263	7.63479211432971039e-01
264	-5.06322718471649669e-01
265	-4.61122790238766012e-01
266	3.78371642253395535e-01
267	1.62510666179638032e-02
268	3.54676299669879125e-01
269	2.87240513147819232e-01
270	-4.83027662823367759e-02
271	2.24473526344189128e-01
272	8.70571134692508936e-02
273	3.40280659271580022e-01
274	8.47435004378927492e-02
275	-1.11611160477237292e-01
276	-4.49495486889829154e-01
277	8.54428937113821618e-01
278	-8.16049663731382768e-01
279	-1.84607455131152204e-01
280	5.42297421486036324e-01
281	-2.44143609154243574e-01
282	-2.40781209412075758e-01
283	-1.50374713177482577e-01
284	8.38551710172877884e-01
285	-7.21461966873663402e-02
286	-1.90763673916673565e-01
287	3.45076200484283779e-01
288	2.27094076564598291e-01
289	1.08754910242960412e-01
290	1.66187492486398296e-02
291	-7.05686628109210012e-01
292	4.54430839862675406e-01
293	-4.12845333315176255e-01
294	4.61062612337435063e-02
295	5.40017216829729918e-01
296	-1.30744740786054497e-01
297	1.11414428195314508e+00
298	-2.62911460410146514e-01
299	-3.74591248757181083e-01
300	-5.69970764603975555e-01
301	3.28156235013923714e-01
302	-1.22246690498511512e+00
303	-3.96019094823710893e-01
304	4.50098731864422508e-01
305	-5.63014443624715311e-01
306	2.99697406589567283e-01
307	-1.05925880065413880e+00
308	-1.12929552023078972e+00
309	-2.63438180630953867e-01
310	4.63556807194976050e-01
311	1.13985290104736556e-01
312	2.66809818982382374e-01
313	4.39456019382758023e-01
314	-6.73899803002976805e-01
315	6.66780909673111877e-01
316	-2.21523937272758181e-01
317	2.59024010630034933e-02
318	-2.00136146450658504e-02
319	-7.89187932758759758e-02
320	2.19667205323732212e-01
321	-1.29530146651069833e+00
322	-6.19540241104856934e-02
323	2.59984770169206569e-01
324	-1.02499903920430374e-01
325	1.41659330714379778e-01
326	6.50970841319196691e-01
327	5.51757729838390984e-02
328	7.29072147353196504e-02
329	-3.57326682798579043e-01
330	8.86590753040225055e-01
331	2.07748042482998024e-01
332	-5.47445144924359584e-01
333	-3.15922062740929877e-01
334	-3.96080018310929038e-01
335	1.91797831387628293e-01
336	5.80421908540571657e-02
337	2.03623409080946588e-01
338	-1.98623020284077856e-01
339	-2.36574781388889793e-01
340	-2.59773614395819641e-01
341	5.33470898464558571e-02
342	5.34928598737762773e-01
343	4.40617124845099850e-01
344	1.18879852920347573e+00
345	-6.87366214765429917e-01
346	7.88698617295598425e-02
347	3.72135608694324979e-02
348	-8.56879969593346225e-01
349	6.55019936014653914e-01
350	-2.87284917547687868e-01
351	1.19808628566015804e-01
352	-9.60998476093374521e-01
353	-2.47179724623812602e-01
354	1.60494481408218370e-01
355	1.12149445713500739e+00
356	2.99115635760225040e-01
357	3.82876494671942125e-01
358	6.35820599138129161e-01
359	1.02170517752216750e-01
360	3.55752048526704501e-01
361	8.26344904354643583e-01
362	-1.42330455748965301e-01
363	2.86099461656051712e-01
364	-7.00407429510847113e-01
365	3.63967893852443714e-01
366	8.97326186964039346e-02
367	-8.78181871861075325e-01
368	3.73334712154174575e-01
369	-6.40504220755048315e-01
370	-1.36547036128176452e-01
371	5.88590711968369207e-01
372	-9.12631177534047738e-02
373	-3.17568233576287440e-01
374	-1.01882689501706869e+00
375	1.41793097080669089e-01
376	7.71958630921937838e-01
377	-2.56343472830294794e-01
378	1.85784308450906155e-01
379	3.61092027163393203e-03
380	-8.79308253754329305e-01
381	8.67163565289177707e-01
382	-5.59741914814481323e-01
383	-2.53841114268403945e-01
384	7.53005238060735910e-02
385	-4.49251126372562093e-02
386	2.41760210950600324e-01
387	2.72047530134960878e-02
388	-9.32509138968049767e-01
389	9.73989328630772006e-02
390	-1.10166276298302068e+00
391	6.82118599832929995e-01
392	-3.23445081597642292e-01
393	3.94912568174062728e-01
394	-1.94603199383052927e-01
395	9.86155967562534208e-01
396	5.04116048089408436e-02
397	4.23063763002779369e-01
398	7.55541675959480075e-01
399	-7.68018402458814697e-01
400	-2.04246184618131071e-01
401	-7.92744336723212428e-01
402	3.66551263925290083e-01
403	5.42518002669882704e-01
404	-8.20543421539105644e-01
405	-7.11784588479306257e-01
406	-3.72842778021458210e-01
407	-6.71118882529499361e-01
408	4.74910159064324600e-01
409	4.05919939604362165e-02
410	2.89353561040848084e-01
411	8.68761443883014767e-02
412	1.78145554238604426e-01
413	-3.17460221150266897e-01
414	5.25718307581596211e-01
415	-3.72215476263008327e-01
416	-6.93929452023331561e-01
417	-6.03607487689207134e-01
418	1.19529562204671236e+00
419	-8.15817747688110440e-01
420	-2.43214637344824458e-01
421	-1.50840826963949126e-01
422	-8.39926064502214548e-02
423	-3.60689464858954367e-01
424	-4.89009857903958733e-01
425	-2.93175835908413618e-01
426	-3.44713498649510730e-01
427	-7.11679194587323205e-01
428	2.14766205723736864e-01
429	-1.03117931503100602e+00
430	4.11170858224206515e-01
431	-6.19184118774964487e-01
432	1.59060951688136082e-01
433	2.82107263565756661e-01
434	6.76038817929829894e-01
435	1.89845026082239576e-01
436	4.37841666600856383e-01
437	-4.62237595121911982e-01
438	6.42781697913621164e-01
439	-1.12545011913204851e+00
440	3.43412764980814245e-01
441	-5.58384955956631068e-01
442	7.53083993451219152e-02
443	-1.25798679958929710e-01
444	1.50704168736597532e-01
445	7.21289669136385841e-02
446	-6.96408536101527642e-01
447	6.45973008173556407e-01
448	-8.12428170288675422e-01
449	4.40733576582346520e-01
450	3.73239043845999763e-01
451	2.41483824912904349e-01
452	9.43586663741215581e-01
453	1.03735332775758615e+00
454	5.97637584020386137e-01
455	-1.19102580422997123e-01
456	8.33456861302668550e-02
457	1.56116515952795763e-02
458	4.32924755964333441e-01
459	-1.60810706892653338e-01
460	5.32189386729800453e-03
461	1.19604472504033374e-01
462	-1.37345719150322010e+00
463	-6.14756879150217261e-01
464	4.73938908979463058e-01
465	-2.27400336321775878e-02
466	4.14829908732164132e-01
467	-9.82954000100460412e-01
468	3.87531492288745782e-01
469	-6.98055938501604412e-01
470	-1.84067064201354746e+00
471	6.04338204978477345e-01
472	6.81381007813665174e-01
473	-7.02086362908204697e-01
474	-5.52923737856959474e-01
475	6.78924375561554050e-01
476	-1.49767944872883058e-01
477	2.10858425916034126e-01
478	1.62964892445245979e-01
479	5.29196368474322165e-01
480	4.35505325426956302e-01
481	3.04959245190944583e-01
482	3.18215093192242227e-01
483	-5.68724251529141855e-01
484	3.52761559799979252e-01
485	-2.56149866440619378e-01
486	1.78026149646993703e-02
487	2.55356118121118247e-01
488	-9.46062648692419406e-01
489	-9.74657316643147698e-01
490	6.41857464241406550e-01
491	-1.03973666029368750e+00
492	-4.19846718838949307e-01
493	-4.92709035437461570e-02
494	1.26797240609411932e+00
495	7.04489127281616279e-01
496	1.15906466633121119e+00
497	-1.96907929790196612e-01
498	1.08508822510464586e+00
499	9.49465067240539695e-02
500	-4.10550111281426267e-01
501	2.37645271982434535e-03
502	-4.39776874757207170e-01
503	-3.44561685026596509e-01
504	5.65565050672719338e-01
505	-1.55529211100029463e+00
506	2.38083114136168859e-02
507	1.75309212360867273e-01
508	7.68868474704959559e-01
509	-5.21002388232836150e-02
510	-7.72203734452706181e-01
511	-1.14568267025276849e+00
512	6.77942968682706981e-01
513	2.59454329363365432e-01
514	1.90874656648610086e-01
515	-6.45900637165977898e-01
516	4.66407454832041490e-01
517	1.70850662642034384e-01
518	3.29295223925666014e-01
519	-1.28823436561076032e-01
520	3.34291894382578503e-01
521	-6.11328963818171367e-01
522	2.53927434861537571e-01
523	-1.07897173332466234e-01
524	-1.20301777140545263e+00
525	-1.21550387559532291e-01
526	6.84863977672332980e-01
527	-1.78565557577924749e-01
528	-2.88706529746302676e-01
529	-1.71020295351342083e-01
530	-1.51547462447973208e-01
531	5.89085880571383891e-01
532	1.17606717905175837e-01
533	-1.84303871981809642e-01
534	-6.46235510641657074e-01
535	-3.56809399191214793e-01
536	-5.46971126634050120e-01
537	5.28588565799415599e-01
538	-3.75334766635048778e-01
539	4.17546103562270898e-01
540	3.71801497893538779e-01
541	7.69280185246561943e-01
542	-1.44451945492367173e-01
543	-4.87740587485127886e-01
544	-3.83040996449291071e-01
545	-5.64610046454833148e-01
546	3.03102616552398063e-01
547	-7.42660437542095181e-02
548	6.93039494827259794e-01
549	-9.82045782916468879e-02
550	-4.36361653927802517e-01
551	9.09472571391019974e-02
552	-7.72167098345250991e-01
553	8.50380761643534100e-02
554	-3.44339940196516037e-01
555	3.80784776974585792e-01
556	-1.51491286221632604e-01
557	-1.39685013212166531e-01
558	-2.84475191516186977e-02
559	-6.36572164401494445e-01
560	3.82503004805107905e-01
561	-9.91867698658244312e-01
562	5.19104115018741985e-01
563	7.99152448226259859e-01
564	-4.52365182707350710e-01
565	8.70231530366463946e-01
566	4.36710482152009305e-01
567	3.25280266514649585e-01
568	6.78330474874760836e-01
569	-3.65903866370505398e-02
570	-3.84137667630498891e-01
571	1.05579988018267498e-01
572	7.69533416180967489e-02
573	-7.04826435187209333e-01
574	4.22416547427165723e-01
575	-4.68188017867889772e-01
576	2.18653169802668912e-02
577	-3.54166355625160578e-01
578	-9.48589390300765278e-02
579	-2.92204779136292281e-01
580	5.21420128886355028e-01
581	3.97178288919615263e-01
582	-3.80079198330824097e-01
583	3.70616359422667907e-01
584	-6.11542840199846727e-01
585	-3.73761533461384743e-01
586	4.12047235801530284e-02
587	-8.04150062856595738e-01
588	-3.23059309738024547e-01
589	-4.16411061893403531e-02
590	4.08541289852727640e-01
591	1.73576194840242615e-01
592	5.14231792695991397e-01
593	5.06393205392182289e-03
594	-7.36817678033344192e-01
595	-3.25685552386052068e-01
596	-2.79487248510093433e-01
597	6.29363109652690961e-02
598	3.70178147429730764e-01
599	-2.72973634447904345e-01
600	-3.41199611101406453e-01
601	3.38730099667883755e-01
602	1.92208671103400230e-01
603	5.67788290772691592e-02
604	7.00807979998366193e-01
605	2.53499085699270654e-01
606	3.88257150979069487e-01
607	-5.20192836356225041e-01
608	-3.49352383814695517e-03
609	-3.18137937477621091e-01
610	1.13605434379533618e-01
611	-2.78965717784570300e-01
612	-1.74360125624128337e-01
613	-1.59841616982345988e-02
614	-4.73753665228305976e-01
615	7.50930417099508474e-02
616	6.42499900702502624e-01
617	9.72581342099064439e-01
618	4.97683859759070979e-01
619	4.39402946328119215e-01
620	5.61898694640120655e-01
621	5.67495265965190621e-01
622	9.46908278591096608e-01
623	6.84282107501784677e-03
624	5.69359665939010107e-01
625	-5.65531316715450316e-01
626	-7.52078207128388354e-01
627	8.51267785525231080e-01
628	7.88721952054679654e-01
629	5.14934861249418622e-03
630	-4.94515805891278526e-01
631	3.61229388143337271e-01
632	-8.66796994906826712e-01
633	9.83204916599779849e-02
634	-3.95130832651010358e-02
635	7.04936723539809962e-01
636	-5.88532315765433398e-02
637	-3.10937398771931939e-01
638	2.62366917983348436e-01
639	-2.76259923158697296e-01
640	3.15504137157793518e-01
641	-5.11024695496561820e-01
642	2.13308094807030973e-01
643	-5.30835158297922813e-02
644	5.72213063083010565e-01
645	-1.88854329338420335e-01
646	-9.47533945243586806e-01
647	-1.93309453911025171e-02
648	-1.88127622266460737e-01
649	-6.99933998496355264e-02
650	-7.43633081800596063e-01
651	1.28595285179120289e+00
652	1.00399347445702794e-01
653	-4.87426417222741493e-01
654	-2.02397309253510932e-01
655	-4.55189923201378577e-01
656	-5.37625110833431008e-01
657	-3.85840068512196599e-01
658	-8.71198793423832663e-01
659	-6.97447550807970496e-01
660	8.21912644878515564e-01
661	-5.75546803695802800e-01
662	2.67787493211785854e-01
663	1.03121481821789196e+00
664	-7.08527738024399611e-01
665	1.15258648330877156e+00
666	-1.01063515829019757e+00
667	-3.20244706580242733e-01
668	-1.12966377312961358e-01
669	2.98040937024665109e-01
670	1.14253527636083638e-01
671	-5.83137453330735855e-01
672	-3.81861650747139125e-01
673	-3.51358025338895652e-01
674	1.33340239979886532e-01
675	7.52593139794495936e-01
676	2.11042657193405286e-01
677	2.79941311657974978e-01
678	1.62245028357666909e-01
679	4.90528884445973590e-01
680	-4.05362306143855822e-01
681	2.26107293817844300e-02
682	7.48787121052499116e-01
683	-2.33829535905029418e-01
684	3.46921665659570722e-01
685	-2.26636625867793123e-01
686	5.43734736569876698e-01
687	2.80433286834966933e-01
688	7.36012549859686338e-01
689	-9.25631536825782947e-02
690	-6.56098609320053039e-01
691	-6.71466211470664875e-01
692	1.60516987047676259e-02
693	9.21552858162624999e-01
694	4.45449020175647858e-01
695	-5.69435095758996646e-01
696	-1.58495428086095042e-01
697	-1.19827630206227664e+00
698	-4.68073014952462452e-01
699	5.72864996307606456e-01
700	5.45272063331415202e-01
701	-2.18680652410689541e-01
702	-1.18902240412658822e+00
703	5.96055981859298756e-01
704	7.01633088080363954e-01
705	5.43030947354233406e-01
706	-2.19078565197323355e-01
707	2.83379340217142783e-01
708	3.83502914250025195e-01
709	-7.87339330511757751e-01
710	-5.99812887799687333e-01
711	5.55929913930040875e-01
712	6.78166803472850244e-03
713	5.97454766345616450e-01
714	8.97146767009672663e-01
715	-8.39544447846550024e-01
716	7.07190041094441946e-01
717	7.54665874805039161e-02
718	-1.21099633939034376e-01
719	-5.14549676795104438e-01
720	-4.07069161093181697e-01
721	-1.01089548921180133e-01
722	-8.06032995486250847e-01
723	3.68260286731012243e-01
724	-6.53646848676197045e-01
725	-2.24494734640791227e-01
726	-8.67816681940758450e-01
727	-1.37320725339943134e-01
728	1.03720174990798129e-02
729	-5.68587504945217911e-02
730	-1.02770709771181704e-01
731	2.90581766986231331e-02
732	-7.36669147439515171e-01
733	7.39168424816908032e-01
734	2.49737830771634195e-01
735	-5.94879308577038191e-01
736	1.74084338204768541e-01
737	-2.71218241881146682e-01
738	-7.29192721278536071e-01
739	9.50402593960908981e-02
740	7.03353511940988801e-02
741	1.07294012068646216e+00
742	-9.68436921968099662e-02
743	-1.38950939255773953e-01
744	-2.47703122177381690e-01
745	-6.99798466707131195e-01
746	-7.18111622907448899e-01
747	-2.30694897332012733e-01
748	1.21629471980865089e+00
749	-8.43331619427853285e-01
750	-5.92784481647198991e-01
751	1.00229211786717842e-01
752	-2.59033977899416457e-01
753	-2.33216691627775752e-01
754	-1.93595434661968019e-01
755	2.85095872523226657e-01
756	3.89929093913292890e-01
757	4.32369560208518577e-01
758	1.09065487653060078e+00
759	4.50293408770039635e-02
760	2.81736100103073650e-01
761	1.05005615996413737e+00
762	-3.05490646963982315e-01
763	-1.07790426965926306e-01
764	9.77738905168175521e-01
765	6.47365521836577723e-02
766	-2.61670052924217189e-01
767	-2.04870670099039170e-01
768	3.65231671199059083e-01
769	4.45688753265863213e-01
770	-7.90821163035349328e-01
771	2.30340131334384919e-02
772	-5.72847082313635125e-01
773	-8.91515369387477552e-01
774	-1.57794271082158544e-01
775	3.09056849698579883e-01
776	1.41395288923395063e-01
777	-6.63567031991081135e-01
778	1.04965028308233532e+00
779	5.03045523362362745e-01
780	7.65610539632835985e-01
781	3.38211266220638129e-01
782	8.37941361144096786e-01
783	6.34800561548290898e-01
784	5.55701888677916922e-01
785	1.41056503328883115e-01
786	6.70506860682430261e-01
787	9.29493719508878602e-01
788	3.75965421966076463e-01
789	-2.02519094896999513e-01
790	2.24595318258072607e-01
791	-4.01114883008081957e-01
792	-4.55838246636244893e-01
793	4.67052018740570229e-01
794	1.35745628845872577e-02
795	1.78533413485781681e-02
796	6.15319933448460810e-01
797	7.66217843808370325e-01
798	5.14051870815911638e-01
799	2.22466247217357166e-01
800	-6.12145958095365386e-02
801	-2.97537845669688938e-01
802	3.61406870823962501e-01
803	-2.57190728832278614e-01
804	6.97954509011476598e-01
805	-4.32749738084173496e-01
806	-3.49775281153124229e-01
807	-4.53789607993131325e-02
808	-2.52055689656590143e-01
809	1.73324201231024877e-01
810	-5.27378894556468469e-01
811	-7.89273434556904130e-01
812	-5.46516729437676527e-02
813	-1.69785320819944158e-01
814	3.53318488537921416e-01
815	-2.28169515792943339e-01
816	2.47953639871184878e-01
817	6.86038610374576585e-01
818	3.46424538606522670e-01
819	3.68133460964286008e-01
820	1.49342870234670605e-01
821	4.77624366001307143e-01
822	-5.92920288883306591e-03
823	-1.06025690158520064e-01
824	3.01100085813255612e-02
825	1.45968512443811149e-01
826	-1.96122128044295213e-01
827	-4.74877701818149089e-01
828	-7.38016846407427290e-02
829	-3.10801715730738115e-01
830	3.84224085336788312e-01
831	9.40972688658877288e-01
832	-1.96208337562811086e-01
833	2.01677409090916859e-01
834	5.19853648052529982e-01
835	-3.21671279847108790e-02
836	-5.49971761388583169e-01
837	2.26397073674633187e-01
838	-1.60121346023499839e-01
839	3.54390715295925252e-02
840	2.56158503702109797e-01
841	5.18838378980476578e-01
842	1.17718669105317564e+00
843	-5.24379463287732661e-01
844	5.57231546879949247e-01
845	-7.01906137519426543e-01
846	-4.82219502648509712e-01
847	5.90217870409093126e-01
848	2.58659625832424911e-01
849	3.55519983816943386e-01
850	5.67827739193141667e-01
851	1.33892528784794268e-01
852	7.01518945457296095e-01
853	1.03178229915640546e-01
854	-1.74456492912754800e-02
855	6.33392700299891698e-01
856	-5.45821630012988043e-02
857	3.97272169824369314e-03
858	-8.93153051479518512e-01
859	-3.41428509500742217e-01
860	-1.28894655919810752e+00
861	2.41805487615721931e-01
862	5.54819321602492074e-02
863	5.19317451801618368e-01
864	2.26690879454766098e-01
865	-3.06391009198708708e-01
866	-1.08873028826118823e-01
867	4.43421026532645146e-01
868	-8.54386542809489336e-01
869	-2.81666009903555947e-01
870	8.08649723697163481e-01
871	4.38364744784090505e-03
872	-1.13525731822775814e-03
873	3.32278995292830837e-01
874	6.10558068611539051e-01
875	4.07416370948861850e-01
876	-7.05538647685528264e-02
877	-3.23166191527853863e-01
878	-8.46499560959818487e-01
879	2.80707927579876670e-01
880	3.68132311632856757e-01
881	-4.15446129899079641e-01
882	7.62463285356681286e-01
883	-4.92943137649378305e-01
884	-3.55087061704659979e-01
885	4.76324823058960567e-01
886	-8.24582194328442042e-02
887	-2.11336685537370672e-01
888	8.30121366207408201e-02
889	-4.39689073429253507e-01
890	-9.32582584203264453e-01
891	-1.01420927625435331e+00
892	3.90945920636393551e-01
893	9.94895354952848199e-01
894	5.11207073052564520e-01
895	-3.26236942944698183e-01
896	1.11396770455467364e-01
897	-6.48681568635394612e-01
898	5.39067696715235356e-01
899	-2.58863561734748060e-01
900	-3.15557480841583804e-01
901	-4.57061827157252062e-02
902	2.64203957587171856e-01
903	6.74411220460409244e-01
904	-3.76132512151626380e-02
905	-5.04612862387694427e-01
906	1.16938356590945355e-01
907	-3.89826109291999567e-01
908	1.17856091034955590e-01
909	7.85391016770430106e-01
910	-1.24700486310632574e-01
911	-2.42238653754630912e-01
912	3.60309511502582780e-01
913	4.68105726375310283e-01
914	1.98629784208981558e-01
915	7.11192370929049744e-01
916	4.25846860514138420e-02
917	-8.75485718189476514e-01
918	4.32109715509899017e-01
919	4.69616637327152975e-01
920	-5.14279567654447822e-01
921	-5.69650699697520913e-01
922	3.18923051070709507e-01
923	1.38018868161665920e-01
924	6.06087498512764764e-02
925	2.47829333574824118e-01
926	-5.69565784425527522e-01
927	-3.05491629520117602e-01
928	1.00724551061154188e+00
929	-1.52863010058246040e-01
930	6.80128289474768721e-02
931	7.78149382958432501e-01
932	-9.14388825752939893e-01
933	7.01388099425370282e-01
934	-8.35420421661854651e-02
935	-3.14924515127403964e-02
936	-1.34523136688769085e-01
937	-3.86325623214286540e-01
938	4.61688173072658914e-01
939	-1.59394695226137584e-01
940	2.57601748446833367e-01
941	-6.08675758791030530e-01
942	-1.06083962638171814e+00
943	-4.60869510356265333e-01
944	-7.50543115992416410e-01
945	-2.74672591875312788e-01
946	3.85580285062452205e-02
947	-2.45566902205752696e-01
948	-3.65751968835915486e-01
949	-1.17067487148413840e+00
950	8.79440411252327636e-01
951	6.11635557624431891e-01
952	-1.53807122658892181e-01
953	8.24971939802442877e-01
954	-1.04549410693944522e+00
955	1.83733438673469140e-01
956	-6.10540922973010436e-01
957	-9.82703908186901565e-01
958	4.95611883115875174e-01
959	6.21255463783555451e-01
960	3.59119788127585660e-02
961	3.45590695818071392e-01
962	-1.69198478903289928e-01
963	-1.59994978628591245e-01
964	-5.38130838569108594e-01
965	2.80336518482917518e-01
966	2.22215112893362793e-01
967	4.24764004934826911e-01
968	8.12055994120806646e-01
969	5.19887683816447135e-02
970	-3.39383057462266546e-01
971	-1.64864963146151816e-01
972	3.56576182038425726e-01
973	5.05191523425092326e-01
974	3.03116175758613271e-01
975	3.20296008335788196e-01
976	1.28880523980131195e-01
977	1.17879078846766783e+00
978	-1.79733610857859105e-01
979	3.67117633280254763e-01
980	5.87942706394471881e-01
981	-6.92937946943935845e-01
982	-5.60971827199390316e-01
983	-7.24150205669380931e-01
984	-7.47889786822348301e-02
985	3.34786608208617442e-01
986	-7.17344967080894014e-02
987	-6.17296242613985968e-01
988	-6.24459578124680559e-01
989	1.01464291847069998e+00
990	5.92073424628374312e-01
991	-6.28668551048355284e-01
992	1.04181089029065074e-01
993	-1.69943601142185541e-01
994	4.22912972225739148e-01
995	6.64853453969415975e-01
996	1.11434528905093970e-02
997	4.86857827620909123e-01
998	5.72711913554822316e-01
999	-5.69119100246502252e-01
1000	-2.43170389335356923e-01
