1	6.46528325001024751e+00
2	6.43980453417553811e+00
3	5.90463290811379959e+00
4	6.66292569580923022e+00
5	6.07526110998213298e+00
6	6.13897054687342525e+00
7	6.30854129834357735e+00
8	6.35893958098237722e+00
9	6.26391371220280124e+00
10	5.85468151275234749e+00
11	6.33952134366716535e+00
12	6.55472656768556039e+00
13	6.46733946151975481e+00
14	5.73515324807014082e+00
15	6.37328458917989504e+00
16	6.10677299903158133e+00
17	6.67107799591856665e+00
18	6.39600781918045236e+00
19	6.43280455646195826e+00
20	6.55073145345771568e+00
21	6.38111330236599184e+00
22	6.58964555526424167e+00
23	5.83826724663982954e+00
24	5.99888673049554555e+00
25	6.21402046825981991e+00
26	6.34209099540589616e+00
27	5.94683735082992726e+00
28	6.78816533570065150e+00
29	5.98271277024257575e+00
30	5.87421911565842336e+00
31	5.85633764288159853e+00
32	6.57387342538806330e+00
33	6.65611071110838637e+00
34	6.30508183914901377e+00
35	6.50381579400232290e+00
36	6.27783804846967808e+00
37	6.21522069023216517e+00
38	6.16498272464514585e+00
39	6.89184760216968950e+00
40	6.10530677970999935e+00
41	6.50256341020797279e+00
42	6.29777270229966835e+00
43	6.19141476010946068e+00
44	6.65231879361081191e+00
45	6.34248176863340252e+00
46	6.43030338897539622e+00
47	6.28235566101994536e+00
48	6.29697909765171815e+00
49	6.60442768005008141e+00
50	6.86417894158484998e+00
51	6.14956395647851739e+00
52	6.34104828369796270e+00
53	6.33182315972445853e+00
54	6.54123472886172497e+00
55	6.43026717272801651e+00
56	5.81647743392844951e+00
57	6.26655747216943126e+00
58	6.27233212092955128e+00
59	5.91245420438918767e+00
60	6.64673457457520112e+00
61	6.13634055246477850e+00
62	6.13951218902235407e+00
63	6.02102888940692704e+00
64	6.12432333896454928e+00
65	6.00564596663607908e+00
66	5.85269554719092877e+00
67	6.33578312250920117e+00
68	6.25757435690696351e+00
69	6.50412657059389598e+00
70	6.71492144482693742e+00
71	6.70257877686257597e+00
72	6.28098473635990118e+00
73	6.66230436224796740e+00
74	6.63314546094902990e+00
75	6.31503223126669155e+00
76	6.30867628870829478e+00
77	6.74717359561635366e+00
78	6.15788703641807533e+00
79	6.43274378930688062e+00
80	6.01128899913489256e+00
81	6.37494694080189372e+00
82	6.45729288147941016e+00
83	6.45729288147941016e+00
84	6.04629361145936084e+00
85	6.30293763541553886e+00
86	6.59856429995026694e+00
87	6.37853846695108029e+00
88	6.25337884279207223e+00
89	6.02827399840168887e+00
90	6.32125566644839854e+00
91	6.29618764628116701e+00
92	6.37690783115987259e+00
93	6.45337343195210877e+00
94	5.93784048736553061e+00
95	6.31955253453306920e+00
96	6.57037781240082541e+00
97	6.26242025388624501e+00
98	5.94737038436014132e+00
99	6.03062035984853395e+00
100	5.82753984218792720e+00
101	6.07315078047416712e+00
102	5.99044361063132857e+00
103	6.26835085462198283e+00
104	6.14798391845746028e+00
105	5.92448586266507604e+00
106	5.71728205668359379e+00
107	6.10876360082957959e+00
108	6.15213898741807697e+00
109	6.46684066229162102e+00
110	6.44547769172188634e+00
111	6.78862072523037607e+00
112	5.62730136949342619e+00
113	6.39997054600674442e+00
114	6.17425794387893578e+00
115	7.01362509411579893e+00
116	6.13458010118848929e+00
117	6.50417791167938564e+00
118	6.32977316482894281e+00
119	6.31985943538866923e+00
120	6.80210609488319484e+00
121	6.37351125696112408e+00
122	6.58962221916944735e+00
123	6.36123824456736653e+00
124	6.64478533680442052e+00
125	6.40721775364827284e+00
126	6.15680493314453781e+00
127	6.48827246308086636e+00
128	6.55028668001983227e+00
129	6.19746882916826536e+00
130	6.72299169376270100e+00
131	6.28147327838334579e+00
132	6.76268347970502326e+00
133	5.82727704811009861e+00
134	5.86975877961027148e+00
135	6.80767915219137087e+00
136	6.50838310882944082e+00
137	6.06030330310228926e+00
138	6.43347953276616735e+00
139	6.27440317597883457e+00
140	6.21645866524735169e+00
141	6.43394521220528048e+00
142	6.29492606244561159e+00
143	6.19483362135410065e+00
144	6.51993552270764809e+00
145	6.19533142040705265e+00
146	6.30551880394099751e+00
147	6.12723497745645140e+00
148	6.58734628964916347e+00
149	6.29824111531036301e+00
150	6.44643700460217151e+00
151	6.34187135081037034e+00
152	6.39056769973877703e+00
153	5.96405756171793211e+00
154	6.18506540157240536e+00
155	6.83584703673854310e+00
156	6.06243463577134634e+00
157	6.17329739263903132e+00
158	6.30423447708726936e+00
159	6.49409794032957599e+00
160	6.23133132861130168e+00
161	6.33531029707421922e+00
162	6.47729170350674011e+00
163	6.29268002291527662e+00
164	5.99470462786717384e+00
165	5.91887618642806679e+00
166	6.16713916802262219e+00
167	6.11513413816258122e+00
168	6.07625163963604376e+00
169	6.25141276097650600e+00
170	6.14764822776689623e+00
171	6.65787870411949534e+00
172	6.31839280797620706e+00
173	6.15784327518381147e+00
174	6.17753047953247592e+00
175	5.83836370009892569e+00
176	6.58095110304198805e+00
177	6.17443842502006124e+00
178	6.06569888703431115e+00
179	6.12931726658598741e+00
180	5.74829628616313393e+00
181	6.42729293260899848e+00
182	6.19890696180226541e+00
183	6.08266789877664582e+00
184	5.68298693702504654e+00
185	6.44093535157190278e+00
186	6.74327886119354503e+00
187	6.31090888839942110e+00
188	6.47284943694957082e+00
189	6.44901081094257034e+00
190	6.46385319040980466e+00
191	6.07469893224918245e+00
192	6.53387702788440539e+00
193	6.15360675294180037e+00
194	6.62381614233131266e+00
195	6.08626087786539749e+00
196	6.73796429190943602e+00
197	5.98517475724539683e+00
198	6.44706547275230957e+00
199	6.54304297064872920e+00
200	6.07723855541856661e+00
201	6.31683055313819963e+00
202	6.45737247318309127e+00
203	6.29040317151071982e+00
204	6.04757896436483566e+00
205	5.92747257698657215e+00
206	5.99345614590483855e+00
207	6.61069061428569249e+00
208	6.03102828113482303e+00
209	6.10086865700853043e+00
210	6.23989284801474842e+00
211	5.84591516972277780e+00
212	6.11546065234017622e+00
213	6.62340397857018814e+00
214	6.05526386575794451e+00
215	6.95567000351934084e+00
216	6.34729544971436432e+00
217	6.28987850455290687e+00
218	6.18633216370983696e+00
219	6.04800693851302640e+00
220	6.23467870065612484e+00
221	6.02987048492426325e+00
222	6.29321307893753801e+00
223	6.23381151841243941e+00
224	6.42368140375035335e+00
225	5.93236485791676760e+00
226	6.33578963123728123e+00
227	5.55303558284381449e+00
228	6.10635215349033178e+00
229	5.87398553941531532e+00
230	6.28610409973359374e+00
231	6.05465970257778707e+00
232	5.58152737321513648e+00
233	6.47061489159644676e+00
234	6.27029585753285001e+00
235	6.14485489244248573e+00
236	6.35891063836603720e+00
237	6.27184890898293457e+00
238	6.01707089265692474e+00
239	6.32956347790796769e+00
240	6.04981626747742229e+00
241	6.30019442377770922e+00
242	6.20446566155950485e+00
243	6.00169854213105936e+00
244	6.15434729154401960e+00
245	7.10555344259651722e+00
246	6.29864767584777052e+00
247	6.09561402907789152e+00
248	6.20494763771610369e+00
249	6.46924116414358252e+00
250	6.18201734032402772e+00
251	5.85855385503785264e+00
252	6.51805246201550403e+00
253	6.07720267160060423e+00
254	6.66005903829230483e+00
255	6.71763246335700526e+00
256	6.51205643060285144e+00
257	6.30679504847426919e+00
258	6.69881461949768475e+00
259	6.21475619036981364e+00
260	6.44444047971550038e+00
261	6.62104310362565585e+00
262	6.64714356425038133e+00
263	6.76616130208702327e+00
264	6.48589328272027110e+00
265	6.00325934500783109e+00
266	6.56966444459829990e+00
267	6.26326795223644872e+00
268	6.52264837110738149e+00
269	6.07607218367935698e+00
270	6.33664672487601077e+00
271	6.58272598350839644e+00
272	6.48819507159194142e+00
273	6.18622549736031502e+00
274	6.25370627211363761e+00
275	6.05881301837269159e+00
276	6.29922454045131275e+00
277	6.54456102367607073e+00
278	6.49644923203331448e+00
279	6.21440053315802565e+00
280	6.90406878840900884e+00
281	6.50545644620164243e+00
282	5.97162906533280413e+00
283	5.92499564178078320e+00
284	6.55330443346257763e+00
285	5.79457773362332240e+00
286	5.99424612489724851e+00
287	5.80689210265822719e+00
288	5.95120950116875491e+00
289	6.36023316918623660e+00
290	6.12686041407592175e+00
291	6.09217824374031824e+00
292	5.59576653737526009e+00
293	6.53207929524867659e+00
294	6.47280333204285263e+00
295	6.14197209080003859e+00
296	6.07242380842762586e+00
297	5.93492790482930044e+00
298	6.95866539055032618e+00
299	6.18889073702370762e+00
300	6.48868947639177840e+00
301	6.04037776805661686e+00
302	6.46924157455429061e+00
303	6.03990456329198455e+00
304	6.22140861594751193e+00
305	6.22342001621110263e+00
306	6.79700276926586078e+00
307	6.46183139736028789e+00
308	6.23730297836936209e+00
309	5.54621321261463862e+00
310	6.14425027470912077e+00
311	6.16603195185829289e+00
312	6.29481391397344048e+00
313	6.17765661664467824e+00
314	6.43754049821937446e+00
315	6.35817140241291501e+00
316	5.94299574337963588e+00
317	6.14571344197715952e+00
318	6.19577572563692680e+00
319	6.11285988055028362e+00
320	6.12127120708832706e+00
321	6.02662313520644144e+00
322	6.47708748862325301e+00
323	6.75117394769565671e+00
324	5.82899250019130211e+00
325	6.30031977498770157e+00
326	6.07111945259685637e+00
327	6.12713938914465661e+00
328	6.38488702637938488e+00
329	5.84603753939729565e+00
330	6.08941134195882761e+00
331	6.33937296766228009e+00
332	6.31783774295880463e+00
333	6.13111629024669647e+00
334	6.22696553183567048e+00
335	6.28857019163392028e+00
336	6.57942493412749130e+00
337	6.02028979018054589e+00
338	5.98270145419550481e+00
339	6.66125809432712579e+00
340	6.02621635009072953e+00
341	5.72238221447504714e+00
342	6.19518761362236958e+00
343	5.98277650171019992e+00
344	6.27924786358690490e+00
345	6.08905926158974342e+00
346	6.17432436030242826e+00
347	6.09559491434934397e+00
348	6.27505840964492645e+00
349	6.08151283299265888e+00
350	6.78896763650692758e+00
351	6.33659679795940534e+00
352	5.69696740955329162e+00
353	6.01955871841992440e+00
354	6.89907790414466326e+00
355	5.72958204555280926e+00
356	6.27794711914912984e+00
357	6.38180914562480606e+00
358	6.08977478203803724e+00
359	6.05517999446600186e+00
360	7.02056650446633679e+00
361	6.24587196223186236e+00
362	6.16803895379746869e+00
363	6.40623466379408768e+00
364	6.51223507431251747e+00
365	6.28856997340304869e+00
366	5.96335974714580797e+00
367	6.23596984578663349e+00
368	6.12279485475711915e+00
369	6.17338331858223821e+00
370	6.27364755972777477e+00
371	6.50047676816525577e+00
372	6.25593947302579512e+00
373	6.37965532472506602e+00
374	6.21237703295587096e+00
375	6.23886694254564844e+00
376	6.23951643933868549e+00
377	6.72866482534791288e+00
378	6.07318309852996929e+00
379	6.60991217214721338e+00
380	6.08171703515304873e+00
381	6.10984139223135525e+00
382	5.88474248540943812e+00
383	6.34496797686990810e+00
384	6.27102854740654436e+00
385	6.85626674248039603e+00
386	6.72505795293077657e+00
387	6.69461510742756527e+00
388	6.24930762942322371e+00
389	6.12216811216631296e+00
390	6.12395809578183759e+00
391	6.52477003922652621e+00
392	6.31593624428454614e+00
393	6.40734770213532023e+00
394	6.01779524571525215e+00
395	6.99842010912981749e+00
396	6.74643718788148483e+00
397	6.21339227190664722e+00
398	6.38646487299057508e+00
399	6.49656884916625632e+00
400	6.20814313217322056e+00
401	5.63694275631016328e+00
402	6.09335622168012225e+00
403	5.88437841439813347e+00
404	6.40707523759362818e+00
405	6.03731737522008771e+00
406	6.57203251431470914e+00
407	6.38052928426033450e+00
408	5.89401482488605666e+00
409	6.29868167645620414e+00
410	6.25008581060314494e+00
411	6.29038227592952293e+00
412	6.09534763245885891e+00
413	6.32883028165457251e+00
414	6.35679485933200628e+00
415	5.84368380014652988e+00
416	5.42316231916856228e+00
417	7.00444229766385362e+00
418	6.60380364926959995e+00
419	6.03120301192977326e+00
420	6.54311040915960795e+00
421	6.26842998564317622e+00
422	6.03139822996309682e+00
423	6.24138920688937393e+00
424	5.65556361695069576e+00
425	6.55372745007991941e+00
426	6.56258308847684191e+00
427	6.08421136841669963e+00
428	6.34450213963693255e+00
429	6.15362604676680292e+00
430	7.01790565878555483e+00
431	5.92874584478043865e+00
432	6.38814018547023732e+00
433	5.79863850632076350e+00
434	6.27450412236718158e+00
435	6.13173339463221101e+00
436	6.31992741777994382e+00
437	6.50494240292863957e+00
438	6.78915786691454137e+00
439	6.21098851661601525e+00
440	6.59917846001791641e+00
441	6.11064773039191511e+00
442	5.89923760555957433e+00
443	6.63317771817821011e+00
444	6.62603998702014962e+00
445	6.43363669193558252e+00
446	6.28279452027731278e+00
447	6.82602233296381655e+00
448	6.47616755438618430e+00
449	6.51344996380268970e+00
450	6.66184761214099108e+00
451	6.17724389804706586e+00
452	6.16094348284584026e+00
453	6.43162308008778183e+00
454	6.66133375465586131e+00
455	6.65561689952002222e+00
456	6.04341588216131864e+00
457	6.20246886445469414e+00
458	6.33674929760768446e+00
459	6.53743349737116297e+00
460	6.39691296901286144e+00
461	6.60974437750306887e+00
462	6.01216785950569133e+00
463	6.15781244881148915e+00
464	6.14799909576326264e+00
465	6.42669896211419456e+00
466	6.34950495095815448e+00
467	6.65057185669826456e+00
468	6.20003180250615404e+00
469	6.03426649463443887e+00
470	6.27276557134606971e+00
471	6.16492487740499140e+00
472	6.05664651608516458e+00
473	6.40579063972211760e+00
474	5.87077579400033400e+00
475	6.19897740278161535e+00
476	6.41580438850449042e+00
477	6.54082677510160959e+00
478	6.12421972487269972e+00
479	5.84812360460748781e+00
480	6.21228718300658578e+00
481	6.25735310199663619e+00
482	6.57821604846974317e+00
483	6.16860726444425911e+00
484	6.27965488720020737e+00
485	6.82577435533037491e+00
486	6.68684689088926021e+00
487	6.52274336907664765e+00
488	6.55876697155172650e+00
489	6.12925290209030393e+00
490	6.07000950447235965e+00
491	5.87368847245345371e+00
492	6.57563468106430982e+00
493	6.16960977773200359e+00
494	6.32879947838866741e+00
495	6.28376254048094030e+00
496	6.14208429476811979e+00
497	6.86298925714699859e+00
498	5.97133751673547586e+00
499	6.19775438797941014e+00
500	6.95716142777775026e+00
501	6.06598486606657339e+00
502	6.71584016033405007e+00
503	6.43668323063877157e+00
504	6.92361542758374693e+00
505	6.11455240198095762e+00
506	6.35412416931854640e+00
507	6.00656453457169537e+00
508	6.00861585951467436e+00
509	5.99356298534410037e+00
510	5.93539109950713684e+00
511	6.30248389061887249e+00
512	6.14003853935502697e+00
513	6.33653101833233734e+00
514	6.19371612956683926e+00
515	6.49841782921198163e+00
516	6.16267597278637336e+00
517	6.36907531733761001e+00
518	6.51334980473524627e+00
519	6.77929061591880000e+00
520	6.50886215664267365e+00
521	6.03928240100221014e+00
522	6.33375842852793269e+00
523	6.38513478355583342e+00
524	6.38308049647411746e+00
525	5.96842414460498993e+00
526	6.34574576808437829e+00
527	6.20760630540523817e+00
528	5.89917575108996139e+00
529	6.72488302623469814e+00
530	6.33863051322166982e+00
531	5.99832797749537505e+00
532	6.18508389012320148e+00
533	6.28013608782497990e+00
534	6.43985755275821514e+00
535	6.03541472979388871e+00
536	6.22407930009892052e+00
537	6.62714853667228621e+00
538	6.29672529570681583e+00
539	5.74545510047593844e+00
540	6.27554577982301875e+00
541	6.50831618717202165e+00
542	6.52699870823983552e+00
543	6.69086559439210138e+00
544	6.41274422204458716e+00
545	6.39256514526941277e+00
546	6.03759036606961974e+00
547	5.70225077241403255e+00
548	6.40034809585913234e+00
549	6.50667229262801161e+00
550	7.10015869137354017e+00
551	6.78948571841056481e+00
552	6.12006514132742918e+00
553	6.07137293892879093e+00
554	6.30846210006799701e+00
555	5.92978213081380812e+00
556	6.20727591370147191e+00
557	6.28958067300868429e+00
558	6.30853569412607396e+00
559	5.98824748282651154e+00
560	5.92691059120070829e+00
561	5.97534746407304329e+00
562	6.36386890191461418e+00
563	6.10402349964491631e+00
564	6.10079474298083824e+00
565	6.32680034753750498e+00
566	5.80699723661421796e+00
567	6.02503468042406354e+00
568	6.55660465472306697e+00
569	6.71355778820148252e+00
570	6.41851251091185393e+00
571	6.15822201699479344e+00
572	6.23411657449744716e+00
573	6.06416077040882762e+00
574	6.19007108883743928e+00
575	6.06189925274614350e+00
576	5.92331370115507916e+00
577	5.87213259274980803e+00
578	5.75141434621088798e+00
579	6.19858379268667825e+00
580	6.31294906129983335e+00
581	6.11457568889955905e+00
582	6.26050975308587088e+00
583	6.06489872172320865e+00
584	6.40749228848817687e+00
585	6.08753647849091539e+00
586	5.83939118060727402e+00
587	6.53108992752009243e+00
588	6.26125115680671218e+00
589	6.51074452511370083e+00
590	6.63658411617475341e+00
591	5.90305476598678336e+00
592	6.84142869386333441e+00
593	6.23146869088060207e+00
594	6.13813501784108961e+00
595	6.26921975983335500e+00
596	6.45017707772597149e+00
597	6.60427465564204841e+00
598	6.20748602517926873e+00
599	5.63070702848029292e+00
600	6.01140989512417789e+00
601	6.32695186647148056e+00
602	6.42225538257249262e+00
603	6.35957935431880905e+00
604	6.59058703890481823e+00
605	6.28724024995501729e+00
606	6.66887400513350581e+00
607	6.27624554080025554e+00
608	5.91941803405125899e+00
609	5.68089097977964652e+00
610	6.10135740773103397e+00
611	6.25541302821359668e+00
612	6.36050712225878367e+00
613	6.37470351831995341e+00
614	5.92297118669751388e+00
615	5.77828174427914210e+00
616	6.49905649327456203e+00
617	6.21681296082495471e+00
618	6.28087201748236801e+00
619	6.10133344788987575e+00
620	6.40445800340318527e+00
621	6.41349710258261485e+00
622	5.65494082498827488e+00
623	5.74081654769855376e+00
624	6.16032597814777017e+00
625	6.15041881059062234e+00
626	5.92741371157968633e+00
627	6.76861491129284509e+00
628	6.36609271205713245e+00
629	6.07233823928252292e+00
630	6.29950809108486709e+00
631	6.01468853968898465e+00
632	6.28009441838168669e+00
633	6.20551741140613444e+00
634	6.44985768803919424e+00
635	6.14329650787856441e+00
636	6.12706430062029828e+00
637	6.35354349057813916e+00
638	6.22399748614377391e+00
639	6.05919733331655586e+00
640	6.00687525390703225e+00
641	6.59693658873555844e+00
642	6.35139072828104290e+00
643	5.74324050744881376e+00
644	6.22729400885600981e+00
645	6.21809139839536762e+00
646	6.15598169566852960e+00
647	6.43164413090378773e+00
648	6.68090869114379249e+00
649	6.08913595128489327e+00
650	6.16893941347676211e+00
651	5.54932008471129734e+00
652	6.03112817255051237e+00
653	6.42239021558826639e+00
654	5.76894212185580280e+00
655	6.36128834026492918e+00
656	6.38059484530456356e+00
657	6.52014577018663832e+00
658	6.02712582210693615e+00
659	6.49690089855851927e+00
660	6.02903953972055096e+00
661	6.09978220408974980e+00
662	5.88058905186603109e+00
663	5.87178742571314682e+00
664	6.38837531889863719e+00
665	6.07068067673001011e+00
666	5.98643292402374172e+00
667	6.50941725244208591e+00
668	6.10026684843245004e+00
669	5.94929741396555301e+00
670	6.30724942741741312e+00
671	6.29881749923197898e+00
672	5.86485464622100849e+00
673	6.01269170187960977e+00
674	7.12573872241863082e+00
675	6.06773508574067133e+00
676	6.06598666599899250e+00
677	6.03444641034245244e+00
678	5.90706572019479470e+00
679	6.06907868762205904e+00
680	6.39116754151944910e+00
681	6.15699672304468848e+00
682	6.18346794657761301e+00
683	6.48654569636141787e+00
684	6.57393194479708054e+00
685	6.07973450445042829e+00
686	6.47120764910366919e+00
687	6.22153137330899408e+00
688	5.57482255298048290e+00
689	6.48696855305025988e+00
690	6.15559719317182719e+00
691	6.25380006443834358e+00
692	6.34490088976498345e+00
693	6.56114548666574127e+00
694	6.18208079679582401e+00
695	6.64840696319040436e+00
696	5.77957886459416770e+00
697	6.65138248118181874e+00
698	6.82073273464012431e+00
699	6.27769229572708731e+00
700	6.44761672493458349e+00
701	6.08860601269903512e+00
702	6.12526780955282479e+00
703	6.05967301456496266e+00
704	6.53347579706441195e+00
705	6.51994698558861074e+00
706	6.11874879056506060e+00
707	6.37644707562747115e+00
708	6.75218855392644457e+00
709	6.21832086225951208e+00
710	6.34148334043442663e+00
711	6.70883738411117392e+00
712	6.09571289530846894e+00
713	6.26257699445085603e+00
714	5.55027476532832953e+00
715	6.31547605793639555e+00
716	6.24600032309534914e+00
717	5.82863232354770844e+00
718	6.37477537867654043e+00
719	6.60804971679063691e+00
720	6.29875031949319997e+00
721	6.38480843199915782e+00
722	5.96026581101943265e+00
723	6.21301639443959175e+00
724	6.29067398033550162e+00
725	6.62014054398537777e+00
726	5.98866741544779124e+00
727	5.86277274854775676e+00
728	6.61176088522703154e+00
729	5.78964086845361336e+00
730	6.43788357547680334e+00
731	6.62981239868423078e+00
732	6.60942958643161305e+00
733	5.96236580700471563e+00
734	6.08882304460989410e+00
735	6.33853419594455669e+00
736	6.27169899301519607e+00
737	6.27773699331783508e+00
738	6.16143261813833032e+00
739	6.62100867201390830e+00
740	5.77001250877585825e+00
741	6.54051328032433066e+00
742	6.37700879491242567e+00
743	6.38171734632827459e+00
744	5.98177840960935558e+00
745	5.74775218440248814e+00
746	6.33870664868768596e+00
747	5.80917298814638450e+00
748	6.31842313415586609e+00
749	6.38742155496768049e+00
750	6.72904324963382994e+00
751	6.58605773161556307e+00
752	6.53013102456871852e+00
753	6.31604130193507185e+00
754	5.98793107917796874e+00
755	6.35819222833473940e+00
756	6.14093716700009384e+00
757	6.45018082379345792e+00
758	6.33927322489074463e+00
759	6.43904884974876168e+00
760	6.19586137359436862e+00
761	6.26685829192521293e+00
762	5.93746198703597017e+00
763	6.17201811090757069e+00
764	6.47752118004878774e+00
765	6.85727441488465939e+00
766	6.10435145355883613e+00
767	6.29988570452852681e+00
768	6.33224775878065493e+00
769	6.26456880510770109e+00
770	6.16415129296503661e+00
771	6.42684488085821304e+00
772	6.72963924776940647e+00
773	6.13149189628006841e+00
774	6.40473136004971533e+00
775	6.05723689361610873e+00
776	6.69259990112020198e+00
777	5.81574140812504936e+00
778	6.16390101332567397e+00
779	5.33421036002305815e+00
780	6.45815529504055696e+00
781	6.52455506477742819e+00
782	6.60758879900721929e+00
783	6.33181299661760555e+00
784	6.57784296143526337e+00
785	6.30563884962902499e+00
786	6.00172314786547023e+00
787	5.69701211209200498e+00
788	6.15159542729818831e+00
789	6.27588030306974876e+00
790	6.23823346694477276e+00
791	6.08199788621011450e+00
792	6.47599520572714216e+00
793	6.22327825552250680e+00
794	5.95411270944742110e+00
795	6.25864821622791290e+00
796	6.46880300826569865e+00
797	5.83270692579852934e+00
798	6.47114701007499882e+00
799	6.00875897453065733e+00
800	6.14261093499526378e+00
801	5.90199154957976457e+00
802	6.07509629524670647e+00
803	5.97966532126493266e+00
804	6.34524969428652508e+00
805	5.88895957465291620e+00
806	6.41217909602171776e+00
807	6.76212802448522154e+00
808	6.05946623901996162e+00
809	6.56394485390234195e+00
810	6.60870641498511624e+00
811	6.34520434475184381e+00
812	6.64377027410582954e+00
813	6.58454457252188696e+00
814	6.78866657340625501e+00
815	6.27123155346678196e+00
816	6.34326252928211431e+00
817	6.47883755873343592e+00
818	6.23621175427728858e+00
819	6.32503639524193240e+00
820	5.97744645858255996e+00
821	6.23586374457123593e+00
822	6.19396167854062529e+00
823	6.67783218558550651e+00
824	6.54846635849831049e+00
825	5.74537346368599966e+00
826	6.03460011690605835e+00
827	6.47560025003822126e+00
828	6.47806005411447305e+00
829	5.91938254472912107e+00
830	5.86112141906985062e+00
831	5.76600346202442182e+00
832	6.49416869615169823e+00
833	6.03558158043869764e+00
834	6.30211772145531857e+00
835	6.37254521580381539e+00
836	6.31138410048930432e+00
837	6.36966137397112764e+00
838	6.14276407649727574e+00
839	6.04523964133585867e+00
840	5.81587223990992808e+00
841	6.79403039479172932e+00
842	5.99381100144655843e+00
843	5.98493694845026436e+00
844	6.12667327410398332e+00
845	6.14248481731943397e+00
846	6.46468009836845336e+00
847	6.26198242344278899e+00
848	6.10529948741595252e+00
849	6.07990703874369398e+00
850	6.18388333577785332e+00
851	6.51781350629615730e+00
852	6.17358767893104332e+00
853	6.86536267830450075e+00
854	7.07358111820815871e+00
855	5.75862206737881266e+00
856	6.18029887461413807e+00
857	6.41938625711926836e+00
858	6.53071966545101024e+00
859	6.27880953962491617e+00
860	6.20401746952817046e+00
861	6.42108940050926424e+00
862	6.18866593551965405e+00
863	6.31858655406017267e+00
864	6.52358413787278568e+00
865	6.74213363589923453e+00
866	6.10688414164781346e+00
867	5.85178302635175207e+00
868	6.13008687776541539e+00
869	6.12203524817108402e+00
870	6.97703590142086494e+00
871	5.63135042907413563e+00
872	6.15416046785008941e+00
873	6.82561212662412142e+00
874	6.55073144985966849e+00
875	6.26114826367094590e+00
876	6.35310626847064608e+00
877	6.70488561610525036e+00
878	6.64624209735517901e+00
879	5.82568906502700390e+00
880	5.89388217572093520e+00
881	6.48845390189497895e+00
882	5.74263056140761385e+00
883	6.20099136984422827e+00
884	6.30262417050379131e+00
885	6.24980180504810523e+00
886	6.39509583931655179e+00
887	6.67455460404243528e+00
888	6.08919598599385647e+00
889	5.72359323663369679e+00
890	6.52350778851764534e+00
891	6.37835425872396033e+00
892	5.66972930728374447e+00
893	6.35206895355124868e+00
894	6.33796392623625948e+00
895	5.89065622092462871e+00
896	6.10992010049991396e+00
897	6.33651014307398075e+00
898	6.14808040656213173e+00
899	6.13820300640912286e+00
900	6.25870353903128063e+00
901	6.28446971686832878e+00
902	6.26917198047587743e+00
903	6.18867764700872325e+00
904	6.44988497139994443e+00
905	5.86810129626810362e+00
906	6.04783969617281869e+00
907	6.69550173507429491e+00
908	6.28429817336014640e+00
909	6.49724395675726552e+00
910	6.24984434746708306e+00
911	6.47545138263040521e+00
912	6.10121405645237047e+00
913	6.10173567152296403e+00
914	6.63271077115860574e+00
915	6.55750501735676483e+00
916	6.41542638582274893e+00
917	6.74512600313682409e+00
918	6.03085340609580989e+00
919	6.60625782398046457e+00
920	6.23684565299136739e+00
921	5.94172223782281872e+00
922	6.11551374455810492e+00
923	6.13064210356817263e+00
924	6.35062382745965159e+00
925	6.22177670817340811e+00
926	6.51845387493756245e+00
927	6.33257852217074024e+00
928	6.72020431416416919e+00
929	6.67460589289257022e+00
930	6.42962254575872549e+00
931	6.28849844308539030e+00
932	6.47946508003699773e+00
933	6.16079290738452467e+00
934	6.40206967394780690e+00
935	5.62917358193824668e+00
936	6.52544121753926643e+00
937	6.39492499475084664e+00
938	6.32677672914214373e+00
939	6.08347921246509316e+00
940	6.40579496946803850e+00
941	6.75997175782299475e+00
942	6.19445130043153380e+00
943	6.55063118006270351e+00
944	6.29288591422911203e+00
945	6.35688858159814174e+00
946	6.34770150671990852e+00
947	5.78603698823945312e+00
948	5.85371027550902756e+00
949	6.26949285859699845e+00
950	5.83759394962570344e+00
951	5.87645076950902112e+00
952	6.59994270309451458e+00
953	6.41263623407304628e+00
954	6.16520297803986672e+00
955	6.07304374484177423e+00
956	5.66435407660273782e+00
957	6.18498576006850698e+00
958	5.79908155848597051e+00
959	6.28418852402816608e+00
960	6.24457298870111455e+00
961	6.48558390592403100e+00
962	5.96306285167457695e+00
963	6.70147466328992625e+00
964	6.42295377881200569e+00
965	6.14692099004030723e+00
966	6.21625636804641690e+00
967	6.53846858001485476e+00
968	5.77247548677530364e+00
969	6.34648468497619511e+00
970	6.22390108730262348e+00
971	5.72239743235690312e+00
972	6.41221882759546613e+00
973	6.40874136916559234e+00
974	6.15063150809765968e+00
975	6.35401172458642982e+00
976	6.25550003417070499e+00
977	5.32979916971349255e+00
978	6.36589116051046044e+00
979	6.19505002762978751e+00
980	6.22130060142929686e+00
981	6.24272269213453246e+00
982	6.23495682978885846e+00
983	6.30730787109638502e+00
984	6.50722924681619119e+00
985	6.04247725135859781e+00
986	6.14621030507158661e+00
987	5.60161632973284895e+00
988	6.09264949988106874e+00
989	6.28344933035014908e+00
990	6.74165166068151844e+00
991	6.09536382883669958e+00
992	6.03834824896273670e+00
993	6.53783761580856115e+00
994	6.90164969547842322e+00
995	6.08056809679885291e+00
996	5.82288977838271737e+00
997	5.99296361273110723e+00
998	6.28591516145448281e+00
999	6.31236367926427988e+00
1000	6.77178806955587564e+00
