1	6.76456346509052864e+00
2	5.72449947246962143e+00
3	6.36271820465086879e+00
4	6.17696956016628906e+00
5	6.42730836977669018e+00
6	5.84653415471564752e+00
7	6.27576342968954126e+00
8	6.65604015451634634e+00
9	5.90930360409449928e+00
10	6.51702493128811611e+00
11	6.51064423060297148e+00
12	5.84281523519475599e+00
13	5.77894965913856140e+00
14	5.99299724706871206e+00
15	6.04928804278371768e+00
16	6.30110001317077462e+00
17	6.25092633976401846e+00
18	6.43784450717681089e+00
19	6.25663828019161539e+00
20	6.43532270754915814e+00
21	6.36476484053183977e+00
22	6.34300786610002465e+00
23	6.20328645470571960e+00
24	6.52155790938490743e+00
25	6.13869086313589385e+00
26	6.29027556927155906e+00
27	6.11916949029584156e+00
28	6.72657894788459831e+00
29	6.38096517963348830e+00
30	6.25879731413951124e+00
31	6.38491252861292669e+00
32	6.31081190391719460e+00
33	6.57807603036179511e+00
34	6.34684291641776976e+00
35	6.52701469115545585e+00
36	6.44624806479432433e+00
37	6.29949373153481762e+00
38	6.06780641410907506e+00
39	6.34425759097531206e+00
40	6.48941416925147596e+00
41	6.77186658426133103e+00
42	6.46833028434893809e+00
43	6.13620222900866619e+00
44	6.08990047463067086e+00
45	6.75292892555326496e+00
46	6.21065884350822905e+00
47	6.45696283877121413e+00
48	6.28606123491589486e+00
49	6.70854111782846108e+00
50	6.03456716320066722e+00
51	6.23839496960513351e+00
52	6.33757296564724637e+00
53	6.32014632811346644e+00
54	6.84024089726737650e+00
55	6.36346685929097866e+00
56	6.74776466966076338e+00
57	6.08535480068174905e+00
58	5.99908948988264257e+00
59	6.07950727654625389e+00
60	6.43764972286337489e+00
61	6.25704507792594633e+00
62	6.69477513326657903e+00
63	6.31809327675252330e+00
64	6.51944062981692873e+00
65	6.37667132683003768e+00
66	6.69786713630422081e+00
67	6.18658425757809027e+00
68	6.14256743464664101e+00
69	6.40034131938000783e+00
70	6.14930354587367223e+00
71	5.68988992198150267e+00
72	6.06327746422600722e+00
73	5.44814726246479886e+00
74	5.91364789507113109e+00
75	6.29903466264094547e+00
76	6.49146000154724145e+00
77	6.28258101164209570e+00
78	6.25426880833535659e+00
79	5.99037139225380599e+00
80	5.79498513399456616e+00
81	6.30641521031026731e+00
82	6.63250133703324352e+00
83	6.51541175543178674e+00
84	6.46034573054703998e+00
85	6.53915610929634283e+00
86	6.62989798072469849e+00
87	6.62196637452053238e+00
88	6.29980095835202736e+00
89	6.37053784508561094e+00
90	6.45538347525827039e+00
91	6.21019766224376291e+00
92	6.21093673338933883e+00
93	6.32817107662990086e+00
94	5.99225313503400958e+00
95	6.24929984644392356e+00
96	6.45890920988857609e+00
97	6.42809332317784765e+00
98	6.17372551404354919e+00
99	6.64115047892597499e+00
100	6.21675820174785176e+00
101	5.86390541337950921e+00
102	6.38988726816303743e+00
103	6.28553062363440329e+00
104	6.28390247679708835e+00
105	6.39850222963693582e+00
106	6.73306369181745623e+00
107	5.62456814194972399e+00
108	6.36140272478187541e+00
109	6.02376403857371656e+00
110	6.20980951457351527e+00
111	6.34436448328376112e+00
112	6.79185475194240773e+00
113	5.85794390681968924e+00
114	6.16708251548040653e+00
115	6.61481422359848903e+00
116	6.30799968419040358e+00
117	6.01729053070310904e+00
118	6.05367762089735351e+00
119	5.77068313126943533e+00
120	6.05964179715386653e+00
121	6.25657555727139325e+00
122	6.22247946270747843e+00
123	6.17759869227493752e+00
124	6.46359473834086362e+00
125	5.97121710010772411e+00
126	5.79797674321060530e+00
127	6.62905436494840394e+00
128	6.64495261716553820e+00
129	5.67675356580517754e+00
130	6.10676636929621797e+00
131	6.37533542231887740e+00
132	6.26487715511207455e+00
133	6.42258588205269021e+00
134	6.59715093040897571e+00
135	6.80604844270875109e+00
136	5.98251680437882438e+00
137	5.85771720837716448e+00
138	6.63606311236754465e+00
139	6.85717537007115041e+00
140	6.44261491917788032e+00
141	5.99643697138217124e+00
142	6.71193454792717681e+00
143	5.99353243881708231e+00
144	6.33870724184508383e+00
145	6.39260744818288540e+00
146	6.17908655957292829e+00
147	6.41090736288563079e+00
148	6.52814770947291123e+00
149	5.91419534803902280e+00
150	6.90870419091549870e+00
151	6.23455823293413847e+00
152	6.74585371960312052e+00
153	7.07762805587656540e+00
154	6.28192021196308037e+00
155	6.20203346141814382e+00
156	6.78779856441937302e+00
157	5.97962350005496734e+00
158	6.09862738248459291e+00
159	6.17082687785563877e+00
160	6.75333073154161134e+00
161	5.82911205680769395e+00
162	6.13165324130629585e+00
163	6.17138023078836895e+00
164	6.02258182456825963e+00
165	6.32556691999072918e+00
166	6.06486733378492016e+00
167	6.28162148405661647e+00
168	5.83926687106031927e+00
169	6.79835192528361087e+00
170	6.07068333784747960e+00
171	6.65224585038429961e+00
172	6.38108820698514734e+00
173	6.14673163054222460e+00
174	6.35189527370530982e+00
175	6.19051316449231592e+00
176	6.34126209696679410e+00
177	6.03944591962448740e+00
178	6.57989256479222018e+00
179	6.48663488335984706e+00
180	6.24233792433165213e+00
181	6.21270049655403067e+00
182	6.10870897089211873e+00
183	6.65927393319060457e+00
184	6.94049474505725783e+00
185	6.74444430600731870e+00
186	6.51968517266648995e+00
187	7.12490220741413971e+00
188	5.85250230149554973e+00
189	6.19493080182637534e+00
190	6.28818650630230369e+00
191	6.14072037646374369e+00
192	6.02150410110529322e+00
193	6.37651014546760297e+00
194	6.54550121424836018e+00
195	6.12057628858770197e+00
196	6.30647893490770883e+00
197	6.14310435313903014e+00
198	6.34146975127199752e+00
199	6.32025227693369729e+00
200	5.97295153701594561e+00
201	6.48963144643563794e+00
202	6.23073401279899208e+00
203	5.81563293133542736e+00
204	6.39067616040184205e+00
205	5.75679257851503490e+00
206	5.76779024162946907e+00
207	6.49836839422719859e+00
208	6.10427459018982077e+00
209	6.41755937040378122e+00
210	5.98295542729491547e+00
211	6.08153282415783014e+00
212	6.56731677140973957e+00
213	6.71787840065988551e+00
214	6.03431717021008929e+00
215	6.31052390083320880e+00
216	6.37944027252823798e+00
217	6.22857380591479792e+00
218	6.39182324942480307e+00
219	6.21901834302826462e+00
220	6.02550788131547854e+00
221	5.97212568011482947e+00
222	5.89050631617968534e+00
223	6.51956153097285185e+00
224	6.40664150446816549e+00
225	6.31693399725429661e+00
226	6.37034286337276434e+00
227	6.51952809232023611e+00
228	5.93930767400753101e+00
229	6.65624442845249309e+00
230	6.39359268038188944e+00
231	5.88761230899900312e+00
232	6.75239560595785537e+00
233	6.57795860911084329e+00
234	5.83296122970004216e+00
235	6.19242462014186490e+00
236	6.26144636572369784e+00
237	6.32694582306103470e+00
238	5.94547734464711652e+00
239	6.12419764738653161e+00
240	6.07118140396117401e+00
241	6.70430291816501889e+00
242	6.29133804777356076e+00
243	6.31880605199042744e+00
244	6.39788076968087793e+00
245	6.09159929533530153e+00
246	6.28421959318911050e+00
247	6.08734627725463007e+00
248	6.08852111744491697e+00
249	5.71976423756191732e+00
250	6.55046637750693606e+00
251	5.63116214259106052e+00
252	6.19309819809363571e+00
253	6.58580658425168597e+00
254	6.63107398037224716e+00
255	6.48065758350235832e+00
256	6.18081877809070601e+00
257	6.74173986949178250e+00
258	6.35516596801965683e+00
259	6.03946424276126237e+00
260	6.60065618300608570e+00
261	6.92702039475030329e+00
262	6.37237694739055183e+00
263	6.44043150298022837e+00
264	6.73597320650268028e+00
265	6.28462852683090922e+00
266	6.08548874090536618e+00
267	6.39857626373235000e+00
268	6.54370502256786146e+00
269	6.02430583703191402e+00
270	6.95133798387788016e+00
271	6.00424258354546936e+00
272	6.22394712678063122e+00
273	6.23130167126389090e+00
274	6.22264354362893091e+00
275	6.04559294829713778e+00
276	6.38204188919109505e+00
277	6.05610607445200877e+00
278	6.16575692606635961e+00
279	6.80572102969766757e+00
280	6.41346584807630116e+00
281	6.31454662065248407e+00
282	6.05670043026792282e+00
283	6.60937644276231762e+00
284	6.56316404277085486e+00
285	6.41183286733930480e+00
286	6.61929023874477718e+00
287	6.45327795208715127e+00
288	6.31138922023113746e+00
289	6.41597187501212751e+00
290	6.46266947933523817e+00
291	6.49807450534931608e+00
292	6.72795546046258508e+00
293	6.80105323831078401e+00
294	6.87468629366977702e+00
295	5.93057735403321384e+00
296	5.92968098919167375e+00
297	6.53849004017189372e+00
298	6.38416327912366910e+00
299	5.90361906662554770e+00
300	6.21162587795289767e+00
301	6.16276996473854055e+00
302	6.37903258860493594e+00
303	6.12388244274324300e+00
304	6.31145354762435495e+00
305	6.75017018792557444e+00
306	6.52133640545991344e+00
307	6.34874079357622456e+00
308	6.32351611325017693e+00
309	6.32949087087752993e+00
310	6.30470585325158250e+00
311	5.85452523991950535e+00
312	6.20402966133911082e+00
313	6.30547840341705790e+00
314	6.35802652944927438e+00
315	6.56769683040632479e+00
316	6.10480526051270900e+00
317	6.44501248229465684e+00
318	6.21824856612054067e+00
319	6.00820746167898001e+00
320	6.49128015852842744e+00
321	6.55815137275273319e+00
322	6.50714592628430122e+00
323	6.32385361357745612e+00
324	6.12452260095774026e+00
325	6.32993594762381573e+00
326	6.13945460209700045e+00
327	5.68380124758530236e+00
328	5.67874139854768689e+00
329	5.93547902062210841e+00
330	6.81148560936915093e+00
331	6.29820999671228243e+00
332	6.10044555337814831e+00
333	5.95490123375561620e+00
334	6.20533843932689955e+00
335	5.68774965863583049e+00
336	6.22422068851075228e+00
337	5.83230991735164395e+00
338	6.44314663246492803e+00
339	6.05224270661436670e+00
340	5.92372970408407085e+00
341	5.64834600982665869e+00
342	5.89582941281055373e+00
343	6.57404666671724769e+00
344	6.43427838817153219e+00
345	6.02534185269934230e+00
346	6.44344333516635182e+00
347	6.17755150804307185e+00
348	6.50424803757401904e+00
349	6.38510602581508024e+00
350	5.83947668311799628e+00
351	6.36158013069337080e+00
352	6.50114929688163823e+00
353	6.28940021390432324e+00
354	6.20772372912779513e+00
355	6.51301861006895599e+00
356	6.16790947496296393e+00
357	6.42777816074774222e+00
358	6.58975698947434108e+00
359	6.23477992740986586e+00
360	6.81068630246955831e+00
361	6.32343406258006890e+00
362	6.25789128535896033e+00
363	6.34782033307133187e+00
364	6.21240136331639103e+00
365	6.15569073705817882e+00
366	6.02772728072590525e+00
367	6.10441647883349869e+00
368	6.38819124187631449e+00
369	6.58175726862598065e+00
370	6.32217220017959125e+00
371	6.92585664969097881e+00
372	6.27621582733935224e+00
373	6.61022224804778613e+00
374	6.25583518935698724e+00
375	6.61815844787314411e+00
376	5.98948719238698857e+00
377	6.39835772275313275e+00
378	6.51949626676543126e+00
379	6.25309457456020557e+00
380	6.04113538762949709e+00
381	6.12537970022488754e+00
382	5.87124190831250470e+00
383	6.10779875017200702e+00
384	6.52338306872216300e+00
385	6.02512561645691136e+00
386	6.89005808033146838e+00
387	6.90701691746276580e+00
388	6.84565673887833359e+00
389	5.54889142887284859e+00
390	6.60442942675728961e+00
391	5.97441403547692218e+00
392	6.41530752422235562e+00
393	6.65194813736083468e+00
394	6.10355076049805145e+00
395	6.38391115136405318e+00
396	6.38788791497761910e+00
397	6.36128852474198414e+00
398	6.23366382644141392e+00
399	6.42824476152184676e+00
400	6.45834569166552264e+00
401	6.39752584311755701e+00
402	6.00958161361757792e+00
403	6.18646719258060074e+00
404	6.15839733190787708e+00
405	6.24140187001746938e+00
406	5.79365975584366488e+00
407	6.26846980835865875e+00
408	6.06174954137686317e+00
409	5.99539386242428574e+00
410	6.43967810670873320e+00
411	6.36371652997662274e+00
412	6.50335456701629600e+00
413	6.88796084018605992e+00
414	6.00613695996494101e+00
415	6.49142601950669107e+00
416	6.16154291652681962e+00
417	6.82517299350465390e+00
418	5.95397906746943484e+00
419	6.14103519810813392e+00
420	6.06820325896939838e+00
421	6.40855649250284287e+00
422	6.35318786539483682e+00
423	6.48297292079812770e+00
424	6.38086075940199038e+00
425	6.25064075582157752e+00
426	6.65764930358783591e+00
427	6.51129477562495484e+00
428	6.56376568359932833e+00
429	6.30560154907560300e+00
430	5.86168208768165666e+00
431	6.14315345566286197e+00
432	6.15606024596427837e+00
433	6.26183050124972507e+00
434	6.10667614165318717e+00
435	6.59314283383719157e+00
436	5.81069738376751843e+00
437	6.34686615107763785e+00
438	6.37624241328319297e+00
439	6.90949882295990392e+00
440	6.43085852618835307e+00
441	6.21444049516625885e+00
442	6.49079292713633560e+00
443	6.27801630342384165e+00
444	6.47842466187052146e+00
445	5.68284833392331201e+00
446	6.97356912727483902e+00
447	6.58360746023210019e+00
448	5.68927864182752696e+00
449	5.94484751335858075e+00
450	6.20541877965884936e+00
451	5.99758336953539928e+00
452	6.39867618333583899e+00
453	6.08719459056133250e+00
454	6.39520192157081890e+00
455	6.44661730393643762e+00
456	6.41871075194405005e+00
457	6.50689086502215552e+00
458	6.04085742447734031e+00
459	6.29978890682462378e+00
460	6.99408644135654711e+00
461	6.25917972808543777e+00
462	6.03802587256254064e+00
463	5.82330678675921565e+00
464	6.84248788329493873e+00
465	5.96508808074956232e+00
466	6.82388613082103301e+00
467	6.29576755698966295e+00
468	6.48913439102608969e+00
469	6.29414563570035135e+00
470	6.22497984030488638e+00
471	6.07543568559907854e+00
472	6.29396942394222414e+00
473	6.71498302426145344e+00
474	6.24621726997300009e+00
475	6.32066390338968276e+00
476	5.79775531422767632e+00
477	6.31569803022354570e+00
478	5.76766381165676201e+00
479	6.61273575726871510e+00
480	6.43610221871224919e+00
481	6.12001289435340912e+00
482	6.53191479693081689e+00
483	5.94856455672442674e+00
484	6.43991748228655148e+00
485	6.63215968585750026e+00
486	6.76229204237702852e+00
487	6.06025777552715272e+00
488	6.36365412203531466e+00
489	6.24731251256060016e+00
490	5.50851045349690160e+00
491	6.81193199166357299e+00
492	6.42436953903804042e+00
493	6.12233210905710656e+00
494	6.36730296510850646e+00
495	6.29101407682388292e+00
496	6.01056300331533500e+00
497	6.03001334420827817e+00
498	6.36040478762165851e+00
499	6.35003430777976696e+00
500	5.98606027269353458e+00
501	6.46607194809390862e+00
502	6.69207869167098135e+00
503	6.93168162271554245e+00
504	6.95862761264699348e+00
505	5.92515664690870558e+00
506	6.45243611097223191e+00
507	6.48988983460522295e+00
508	6.13508050355023915e+00
509	5.93733589525630823e+00
510	6.56158689554100683e+00
511	6.06399788957684915e+00
512	6.12715887629935274e+00
513	6.54184701457934636e+00
514	6.02405638896168583e+00
515	5.93546921732357635e+00
516	6.19962297474757928e+00
517	6.31503485912522322e+00
518	5.96317105821550264e+00
519	6.14508992512106200e+00
520	6.32455669539442411e+00
521	5.97706359785564079e+00
522	6.01473266880351076e+00
523	6.20688413286463092e+00
524	6.38523315036093653e+00
525	6.49731234717884831e+00
526	6.38271269812008413e+00
527	5.93753418790499943e+00
528	6.43748225172540778e+00
529	6.23345302665202983e+00
530	6.41235404815119825e+00
531	6.14451770816691223e+00
532	6.05583568214461643e+00
533	6.37276594105657335e+00
534	6.35091054751436701e+00
535	6.22123877609794995e+00
536	6.00113134986116137e+00
537	6.04646450236385036e+00
538	6.36281624860069250e+00
539	6.86610695131251703e+00
540	6.59911105347218996e+00
541	5.72576187067180697e+00
542	6.04238021021752836e+00
543	6.55456343965381372e+00
544	6.35718626984591140e+00
545	5.74922076349536937e+00
546	6.39431867623636396e+00
547	5.73515017394460891e+00
548	6.40082666595972327e+00
549	6.31893427359091486e+00
550	6.01243012897268247e+00
551	6.23518241975800791e+00
552	6.11855552495345911e+00
553	6.54153691769378742e+00
554	5.89360462157098652e+00
555	6.38690764441460512e+00
556	6.57318592075571395e+00
557	6.42233232982675251e+00
558	6.25569864054228297e+00
559	5.80991189990605505e+00
560	6.40688933747892619e+00
561	6.55435906596967222e+00
562	6.36774677370621944e+00
563	6.04822216518455491e+00
564	6.67861112876670404e+00
565	6.15950913287098256e+00
566	6.44783833118658478e+00
567	5.97020781099873599e+00
568	6.47372303201055654e+00
569	6.32941358339930993e+00
570	6.40504877803348016e+00
571	6.65716584611881412e+00
572	6.33655122151909644e+00
573	5.93193320965921433e+00
574	6.56050609696580267e+00
575	5.59874591851694436e+00
576	6.32906703004568438e+00
577	6.36658316031284155e+00
578	6.62841801895547533e+00
579	6.65839308829544230e+00
580	6.24006538477053052e+00
581	6.35224245022022149e+00
582	6.00930218388538684e+00
583	5.99581873834576484e+00
584	5.94465005344006947e+00
585	6.35771001721512885e+00
586	6.22186141472466847e+00
587	6.05143543644955439e+00
588	6.52755826322327870e+00
589	6.03697611277814605e+00
590	6.12678954629681805e+00
591	6.84045538541426890e+00
592	6.45884751130020618e+00
593	5.93530104577173834e+00
594	6.69342173797732354e+00
595	6.91414666986679727e+00
596	6.10695185084382164e+00
597	5.95443240725015066e+00
598	6.54528607906787574e+00
599	5.62911501769272693e+00
600	6.91805502165766395e+00
601	5.86320711567066866e+00
602	5.88551495143342063e+00
603	6.00855629221492737e+00
604	5.44402889935778145e+00
605	6.64451999115076042e+00
606	6.54786042907231280e+00
607	6.66005911998292799e+00
608	6.53822311001813272e+00
609	6.67627226428016041e+00
610	5.78166238218909179e+00
611	6.30983152373849077e+00
612	6.11751717704081877e+00
613	6.54849556101561880e+00
614	6.35393059274717231e+00
615	6.29257949800442695e+00
616	6.17514436422734558e+00
617	6.20252674280710536e+00
618	6.53903559858820493e+00
619	6.05447160604995371e+00
620	6.31571433930070469e+00
621	5.54622109924060425e+00
622	6.36642365638268615e+00
623	6.50707426725518445e+00
624	6.12970785408321905e+00
625	6.24993833161214685e+00
626	5.96826904786537149e+00
627	6.12426889028918442e+00
628	6.16312677609531256e+00
629	6.57468916389863001e+00
630	6.48763108029754143e+00
631	6.12263953708990183e+00
632	6.15250538774964006e+00
633	6.91938311026609654e+00
634	6.53889265071974624e+00
635	6.27436572895356637e+00
636	6.11279320142595406e+00
637	6.19658451897770846e+00
638	6.58394877299086279e+00
639	6.52870622360439690e+00
640	7.16809591375306354e+00
641	6.01657777935788918e+00
642	5.56027679150155762e+00
643	6.26344643255953049e+00
644	6.30822373529661462e+00
645	6.59715038306894197e+00
646	6.26094382781549719e+00
647	6.16766824987002682e+00
648	6.57808192488117527e+00
649	6.13438571290459134e+00
650	6.11164887463310613e+00
651	6.51775721667307018e+00
652	6.41213388129549866e+00
653	6.25132484603351024e+00
654	6.15019524916518456e+00
655	6.67474410427649012e+00
656	6.76741009489417245e+00
657	5.90527682667358267e+00
658	6.53459411328142004e+00
659	6.61708295768418342e+00
660	6.09824523855965328e+00
661	6.14541516348106587e+00
662	6.33652013637897760e+00
663	6.23793526529383602e+00
664	6.15362412537592807e+00
665	5.68935166097534495e+00
666	5.98590211035766195e+00
667	6.11301933586436874e+00
668	6.00766344802686891e+00
669	5.81567655311148091e+00
670	6.38783488253391774e+00
671	5.65282955444075341e+00
672	5.78245235669123225e+00
673	6.49302566496131384e+00
674	6.09843480800015847e+00
675	5.88177809526640605e+00
676	6.65773344715783644e+00
677	6.02218653008788873e+00
678	6.69815644648296615e+00
679	6.50759107580721885e+00
680	6.56242267231933951e+00
681	6.03394745453060644e+00
682	6.24450963030247941e+00
683	6.40782183238413605e+00
684	6.52105989821945986e+00
685	6.54350158647397873e+00
686	6.70065560142734196e+00
687	6.64356628755430378e+00
688	5.92425743220361323e+00
689	6.84476719307018566e+00
690	6.07616431733981166e+00
691	6.35591062111731198e+00
692	6.83753317408719763e+00
693	6.49220998795067583e+00
694	6.19813475882356535e+00
695	6.12453580039436130e+00
696	6.25291632417660015e+00
697	6.33013398865792798e+00
698	6.46808506071911271e+00
699	6.13205172102859386e+00
700	6.65675301773514416e+00
701	5.72784031473030897e+00
702	6.34557488319418184e+00
703	6.18051386265372482e+00
704	6.29424895503616799e+00
705	6.15315316430280301e+00
706	6.01916358285610098e+00
707	6.21469239595950018e+00
708	6.61978297713547104e+00
709	6.32050306062457423e+00
710	5.98886393996501987e+00
711	6.88246847115595806e+00
712	5.76947403807047632e+00
713	6.44234767321208679e+00
714	6.30534001373391018e+00
715	6.01218059837778007e+00
716	6.16299598563175088e+00
717	6.08632874621924014e+00
718	6.10834326853735110e+00
719	6.06309689811705432e+00
720	6.56167504068859309e+00
721	6.73262165548872904e+00
722	6.17097922877860317e+00
723	6.44150741125883108e+00
724	6.03401401268372162e+00
725	5.69126233206288568e+00
726	6.37531496946143506e+00
727	6.56891779330407566e+00
728	6.57636305579004254e+00
729	6.29033628878646134e+00
730	6.13226876064844806e+00
731	5.61596887928161603e+00
732	6.23235758913828342e+00
733	6.39077808789004287e+00
734	6.67781863573914602e+00
735	6.29395842365011049e+00
736	6.09190520857290618e+00
737	6.39719880338767055e+00
738	6.21658302860509515e+00
739	6.25399130079360877e+00
740	5.92523213025459494e+00
741	6.42473925782582356e+00
742	6.36317493296427728e+00
743	5.86989171204907123e+00
744	6.28536113090620230e+00
745	6.93503728199682445e+00
746	6.48987482105095204e+00
747	5.99088551112890411e+00
748	6.24590756932457225e+00
749	6.29336570276789242e+00
750	6.08645258675178091e+00
751	6.37318351224749691e+00
752	6.26364925426279306e+00
753	6.28305213154466458e+00
754	6.37704771842624130e+00
755	6.47201856875550519e+00
756	6.66495166171335018e+00
757	6.34997960142923734e+00
758	6.05412516251279698e+00
759	6.17737927665488495e+00
760	6.25352825896564291e+00
761	6.08958579115557885e+00
762	6.07216279798025127e+00
763	6.78527517079155551e+00
764	6.05108625740489181e+00
765	6.55953336957341815e+00
766	6.54362145770013015e+00
767	6.01992153884344994e+00
768	6.23130348813235813e+00
769	6.64891724090031389e+00
770	6.59746933580179817e+00
771	5.76785291857811533e+00
772	6.26928356363684713e+00
773	6.38042671029223118e+00
774	6.37719939197343333e+00
775	6.26628698032522191e+00
776	6.35506433054931374e+00
777	6.02915692469502762e+00
778	5.53274219581409277e+00
779	5.89873042320766139e+00
780	6.07981608887816272e+00
781	5.85356527569231311e+00
782	6.53953715174575301e+00
783	5.90306461025526374e+00
784	6.04319402102835745e+00
785	5.84315725910539463e+00
786	6.42049829916013337e+00
787	5.90381738510764986e+00
788	6.09830539568418128e+00
789	6.79157823260236349e+00
790	6.21815942688141465e+00
791	6.35706246810951203e+00
792	6.52300315419725685e+00
793	6.38029217017246975e+00
794	5.91075045949391598e+00
795	6.61864285196706970e+00
796	6.33204364395215169e+00
797	5.96545371690532900e+00
798	6.21125123768948040e+00
799	5.73833806479261099e+00
800	6.54724578903035859e+00
801	6.01657543731567568e+00
802	6.30110241960195694e+00
803	6.03920728883155711e+00
804	6.40494905601319431e+00
805	6.89621932673337579e+00
806	6.14294426914311487e+00
807	6.44795922746078976e+00
808	6.82498323568684917e+00
809	6.52566737285193987e+00
810	5.94051192635568892e+00
811	6.18351553223762096e+00
812	6.02518202979964368e+00
813	6.39008747686078049e+00
814	6.48765386218906404e+00
815	5.85795336378627773e+00
816	6.65777211425739512e+00
817	6.20342907480644445e+00
818	6.32349872707858296e+00
819	6.19179882402597492e+00
820	6.14510765620134247e+00
821	5.98661881405443541e+00
822	6.22046060891509178e+00
823	5.75468091046160701e+00
824	6.51644956233266370e+00
825	6.29226431046407875e+00
826	6.34039147142573434e+00
827	6.78089804808514973e+00
828	6.43052275498566583e+00
829	6.56771385494962168e+00
830	6.38602669486490537e+00
831	6.00465443554070877e+00
832	6.04575407840037826e+00
833	6.34583040599319403e+00
834	6.20701144849653552e+00
835	6.32159528208210375e+00
836	6.15512235066723523e+00
837	6.00595625488930285e+00
838	6.62811948408866858e+00
839	5.66188111067005639e+00
840	6.12517619637104360e+00
841	6.24128064975145147e+00
842	6.41476003994789234e+00
843	6.08280386481716739e+00
844	5.99445209374842669e+00
845	6.24671020080277728e+00
846	6.04372759633359369e+00
847	6.19975892779880233e+00
848	6.39050429927732289e+00
849	6.45765226188396735e+00
850	6.48237034779014820e+00
851	6.06235340589283211e+00
852	6.07373011252481465e+00
853	6.12790879010655587e+00
854	6.86250256600378616e+00
855	6.16872718548417698e+00
856	6.02490624640666805e+00
857	6.01173585760591589e+00
858	6.13365207105706833e+00
859	6.73870073801635883e+00
860	6.48306544058410417e+00
861	6.47993105013059445e+00
862	6.76462895025730315e+00
863	6.22335329019240824e+00
864	6.06139502074876191e+00
865	5.99193808388978066e+00
866	6.17201933286450277e+00
867	6.60006686160158473e+00
868	5.99272011150517780e+00
869	6.25288406618249670e+00
870	5.75474560675007929e+00
871	6.42079691831383403e+00
872	5.94418320385127696e+00
873	6.30453527613773002e+00
874	6.33485392542516212e+00
875	6.07596393520220701e+00
876	6.23156333767757609e+00
877	6.53511925011354311e+00
878	6.63094043083295137e+00
879	6.25374752661801203e+00
880	6.44204559444291469e+00
881	6.23551132370960115e+00
882	6.45211618281923904e+00
883	6.46265042727169092e+00
884	6.63441185663053368e+00
885	6.14180384679886782e+00
886	6.48242350487976626e+00
887	6.72777177077900301e+00
888	6.16222893937267102e+00
889	6.27975584637306650e+00
890	6.14756752265460005e+00
891	6.38133228706678413e+00
892	6.11411223759344846e+00
893	5.79009646446850379e+00
894	5.77794112881132715e+00
895	6.35230906556579544e+00
896	6.18887897091858985e+00
897	6.24629102936886849e+00
898	5.71980520578216201e+00
899	6.05662420085702369e+00
900	5.89241524735817546e+00
901	5.82249187354789388e+00
902	6.19931907995389242e+00
903	6.24413404869123045e+00
904	5.86797687440057469e+00
905	6.44417462179159273e+00
906	7.02131074931566168e+00
907	6.31999767302089932e+00
908	6.45682610287295500e+00
909	6.10879244126653909e+00
910	6.40968394683295628e+00
911	5.69696938640725481e+00
912	6.08968205451777322e+00
913	6.24868787041565454e+00
914	6.02344808592645897e+00
915	5.89915457623884265e+00
916	6.54175580761167197e+00
917	6.05420880613040246e+00
918	6.20357359396066155e+00
919	6.38789827829322565e+00
920	6.53214403774934116e+00
921	6.50279551892404140e+00
922	6.00424000011480175e+00
923	6.28840100982905970e+00
924	6.19181388595207061e+00
925	6.30486050512665663e+00
926	6.26821562926298004e+00
927	6.25613443176292616e+00
928	5.79713456118255621e+00
929	6.05655831407704515e+00
930	6.03655197253063314e+00
931	6.10272543443878046e+00
932	5.85246920922326552e+00
933	6.26910860408050130e+00
934	6.47562822966196716e+00
935	6.15689104415437782e+00
936	5.99262637334728421e+00
937	6.19044502394895790e+00
938	6.74699284534399890e+00
939	6.67005085604425751e+00
940	6.23062616087983567e+00
941	6.35329847929052960e+00
942	5.90880235326214809e+00
943	5.67121242869227160e+00
944	6.18366716766230162e+00
945	6.02574935337649631e+00
946	5.92044141892498210e+00
947	6.20614011029518231e+00
948	6.44022472645103417e+00
949	6.79436725475893688e+00
950	7.03889074086017708e+00
951	6.01823611917418955e+00
952	5.85519192139004208e+00
953	6.27375448379394296e+00
954	6.14267105811249436e+00
955	6.21793738206345203e+00
956	6.44932535471965895e+00
957	6.13056860001164061e+00
958	6.60334302045135679e+00
959	5.86422588663901934e+00
960	6.06448703554053292e+00
961	6.13310991320426258e+00
962	5.75730377814105321e+00
963	6.27684541108987393e+00
964	6.23308109106850594e+00
965	6.02502756554453622e+00
966	6.53433684667822856e+00
967	6.30570131599761208e+00
968	6.37895678964688173e+00
969	6.55192024578476673e+00
970	5.99585738006039914e+00
971	5.98497850620630700e+00
972	6.14074194001803164e+00
973	6.34868446879559922e+00
974	6.52882832277923431e+00
975	6.00317972199722760e+00
976	6.00139671213409276e+00
977	6.11379909022517332e+00
978	6.80379143887464632e+00
979	6.42961857091711408e+00
980	6.59508909803212440e+00
981	6.60285017849790812e+00
982	6.30685286037904813e+00
983	6.31870299602875640e+00
984	6.37022022654046971e+00
985	5.61727499628750060e+00
986	6.36106088317734830e+00
987	6.24119700613606909e+00
988	6.46159351030455209e+00
989	6.34537969198705909e+00
990	6.19449163906373279e+00
991	5.93188365175568233e+00
992	6.70319660812327989e+00
993	6.22203863987105432e+00
994	6.43756245454529719e+00
995	6.94715240886291685e+00
996	6.04624550315268117e+00
997	6.08951171201241781e+00
998	6.51887263894603741e+00
999	6.41667634388207109e+00
1000	6.27191527289748141e+00
