1	5.71106761618149150e+00
2	6.89948836104858643e+00
3	6.92201754602599806e+00
4	7.04597723416847987e+00
5	6.46817764668058004e+00
6	6.39337464015499979e+00
7	6.50708373887428149e+00
8	6.24227491821362435e+00
9	7.36061596969390308e+00
10	6.26816286002944967e+00
11	5.61401561186482656e+00
12	7.78767398810694722e+00
13	6.12423059894499477e+00
14	6.63644210575857674e+00
15	6.03579861162380205e+00
16	5.99699403174769241e+00
17	5.93211603340874305e+00
18	6.35243262796761865e+00
19	5.94904915377104437e+00
20	6.58431244372306956e+00
21	6.08134742070992207e+00
22	6.38658730015281151e+00
23	5.97326762164345393e+00
24	6.14748429320275314e+00
25	5.97073358575209578e+00
26	5.72997261361417198e+00
27	7.05287853852782831e+00
28	5.72493350227231268e+00
29	5.86231966948937799e+00
30	5.88787421028954050e+00
31	5.54427052156306477e+00
32	6.27461534357642670e+00
33	6.09304383949322936e+00
34	6.23314508771823750e+00
35	7.03088959100362221e+00
36	5.75798439939542028e+00
37	6.14635164001999090e+00
38	6.35725675317680583e+00
39	5.93637526163341001e+00
40	5.98265497897901355e+00
41	6.77451452354819583e+00
42	5.85906644075039296e+00
43	6.06788640223876019e+00
44	5.75924033740993302e+00
45	5.86289952927312363e+00
46	5.71653094561473107e+00
47	6.58028850649878727e+00
48	6.88974051014858535e+00
49	6.27361564392661819e+00
50	6.43628237626949851e+00
51	5.46129591027066574e+00
52	5.66598796702832352e+00
53	7.16375742848214436e+00
54	5.76824858229177195e+00
55	6.60323199464110289e+00
56	6.62293846645466910e+00
57	6.69518552277182089e+00
58	6.49461560981650532e+00
59	6.01878634886356778e+00
60	6.03635153240983691e+00
61	6.70561616474195432e+00
62	6.65461076195224788e+00
63	5.48757657606240468e+00
64	5.76207720980641902e+00
65	6.22448154955062627e+00
66	6.79919961316404819e+00
67	5.98413329759145807e+00
68	6.69652733822172763e+00
69	5.83893126262547302e+00
70	5.72084482126352079e+00
71	6.76961739634552284e+00
72	5.86695754608997877e+00
73	6.21286717838396196e+00
74	5.85044287298437649e+00
75	5.71643968663592439e+00
76	5.78770309390522186e+00
77	5.55714161289205499e+00
78	6.02083556004286002e+00
79	6.42014999761750538e+00
80	6.54326602149118219e+00
81	6.15751632329871690e+00
82	6.50933924257037333e+00
83	6.68643527968300244e+00
84	6.79560195296030312e+00
85	5.78261583275355306e+00
86	5.82597568579007685e+00
87	6.41902232469240808e+00
88	6.72053295420761820e+00
89	6.08950448879230510e+00
90	6.21499780494979071e+00
91	7.12461326237714765e+00
92	6.32572312310129448e+00
93	6.67704883051237008e+00
94	5.10816248526755157e+00
95	6.17538270904102227e+00
96	6.73892733775238639e+00
97	6.32532790394954425e+00
98	6.35518585951425941e+00
99	6.56495352547247357e+00
100	6.47043044320542116e+00
101	6.47903453795645490e+00
102	6.30532285187279218e+00
103	6.56837686009909838e+00
104	5.92745415657868424e+00
105	5.43917011380863613e+00
106	6.76582681428972332e+00
107	6.69605672085387571e+00
108	5.78846778717729205e+00
109	6.38865033303212115e+00
110	6.77138910597475085e+00
111	6.45224948046715419e+00
112	5.90913638454818813e+00
113	6.59035320362928179e+00
114	6.01747135988387249e+00
115	6.56301223844619752e+00
116	6.42466281054128530e+00
117	6.45234889968185676e+00
118	6.39923011454943858e+00
119	6.02249327583430016e+00
120	6.23040890618948229e+00
121	5.98867221137931782e+00
122	6.04809313229539658e+00
123	6.69321822163556845e+00
124	5.83182815330214677e+00
125	5.84705782529383988e+00
126	7.05116488671395203e+00
127	6.24794019612656637e+00
128	6.36208295616314867e+00
129	6.31183750766728124e+00
130	5.83514377250547334e+00
131	6.45803224080257898e+00
132	5.97746151183310737e+00
133	6.66992462270053110e+00
134	6.29229751643515645e+00
135	6.90072536138107040e+00
136	6.35951553753817489e+00
137	6.20090532441564957e+00
138	6.33131834874350741e+00
139	4.97897976874772485e+00
140	6.28868517418188855e+00
141	6.14805659745971855e+00
142	6.53141427392343221e+00
143	5.75009975374710081e+00
144	5.94549702521176027e+00
145	6.13682598753933561e+00
146	5.87547551363957421e+00
147	6.21927751142535801e+00
148	6.18559926994188292e+00
149	5.91405808528535104e+00
150	6.11586682370951529e+00
151	5.59514494253302175e+00
152	6.06036580345640807e+00
153	6.27321830978782291e+00
154	6.25773621340796726e+00
155	6.94414064761353345e+00
156	5.90960134276619353e+00
157	6.69691446816918123e+00
158	6.54557163867752223e+00
159	7.08429493975767244e+00
160	6.33527690069516947e+00
161	6.63446183737713735e+00
162	6.99491248746281791e+00
163	6.33313246631314097e+00
164	5.63924328640206696e+00
165	6.58524239748217344e+00
166	6.09126238917257457e+00
167	6.37541150352241637e+00
168	5.80285642416110825e+00
169	6.24116817421851433e+00
170	6.59067759929974173e+00
171	6.15466479896655461e+00
172	6.01559210764171226e+00
173	7.30997644104295663e+00
174	6.23611811145071293e+00
175	5.44962155143088278e+00
176	6.63765885042634718e+00
177	5.82625240637921049e+00
178	5.71538432015055342e+00
179	6.70474867688620257e+00
180	7.22441231187131017e+00
181	6.65302569501410357e+00
182	6.20355758346485242e+00
183	6.12928418057742697e+00
184	6.20275419100813519e+00
185	6.59266079003129057e+00
186	5.97313187014913094e+00
187	6.24983570736777860e+00
188	6.66182767213098970e+00
189	5.61520415598030720e+00
190	5.77093379914268478e+00
191	6.75103765120950516e+00
192	6.37977231643519715e+00
193	6.20153116779899705e+00
194	5.99268495317913263e+00
195	7.15548943321889119e+00
196	5.33392829174507277e+00
197	5.32586668914767181e+00
198	6.43677047432294014e+00
199	5.94101934943684995e+00
200	6.32147166191960252e+00
201	6.44281051198978982e+00
202	6.76386182245247003e+00
203	6.43812510199551635e+00
204	6.12249961332048276e+00
205	6.32227252534899797e+00
206	5.43981258617068253e+00
207	5.55755982942804749e+00
208	6.36616912162005733e+00
209	7.06295034014177947e+00
210	6.29242429321398955e+00
211	6.47927681421871604e+00
212	6.44609026093390103e+00
213	6.09316516547285136e+00
214	6.04351327133334593e+00
215	5.49388558567211227e+00
216	6.37922248140312398e+00
217	6.38618907793255008e+00
218	6.71549575050882819e+00
219	5.74166805557167770e+00
220	6.73062070517105404e+00
221	6.53689686611385756e+00
222	6.32812522625321972e+00
223	5.66114921556751849e+00
224	6.71070145893856296e+00
225	6.14955550303748488e+00
226	6.18054758680793892e+00
227	5.47050303822382133e+00
228	6.91830564628150579e+00
229	6.28820390816411301e+00
230	5.79210201238195843e+00
231	6.50092862438693508e+00
232	5.53310271367465134e+00
233	6.19465118192834385e+00
234	6.69310733161249694e+00
235	6.17201890289227872e+00
236	6.20686196641568078e+00
237	6.45189999770547118e+00
238	6.39320276282413502e+00
239	6.86799524197945033e+00
240	6.06680968250471597e+00
241	6.26960508954172724e+00
242	6.18572029964704839e+00
243	6.03064676758675233e+00
244	6.51865546212499591e+00
245	5.64246440974771790e+00
246	6.33337234439694274e+00
247	6.29308949410963780e+00
248	6.02636915860148470e+00
249	6.06533447577955354e+00
250	6.46745901191541073e+00
251	5.90908039122162343e+00
252	6.04429198178263505e+00
253	6.16780403954358381e+00
254	6.42987584210220042e+00
255	6.77176400480247587e+00
256	6.41750984024324467e+00
257	6.14679060306943281e+00
258	7.13622883896084215e+00
259	6.64032336880326124e+00
260	5.56589867470039223e+00
261	7.00554283365051322e+00
262	7.64139456779504389e+00
263	6.56978804275636552e+00
264	6.50273454627464886e+00
265	6.26453150314123608e+00
266	7.11547359385143974e+00
267	6.47941555535718994e+00
268	6.88348097034440887e+00
269	6.05914468513204874e+00
270	6.41391857248950359e+00
271	6.65560126598444857e+00
272	6.93748015950461649e+00
273	6.10355968581489261e+00
274	6.19535763198056877e+00
275	6.36166910398850494e+00
276	7.06519135267635257e+00
277	5.64282220363882026e+00
278	6.56679630989083929e+00
279	6.49442357575742957e+00
280	6.07989968171638129e+00
281	6.68597363597568339e+00
282	6.74089125894938768e+00
283	5.69073124751982640e+00
284	6.34498463564466597e+00
285	6.72440913455255274e+00
286	5.80937758247141822e+00
287	6.96288805697962143e+00
288	6.46261852438519213e+00
289	5.65515532499618789e+00
290	6.13288405751470300e+00
291	5.91031738021178299e+00
292	6.88585501696539204e+00
293	6.46527254923877504e+00
294	6.58016695649871597e+00
295	5.70414790655064063e+00
296	5.83200577473840820e+00
297	5.56112448537646653e+00
298	6.36401346955914171e+00
299	7.06404280045304311e+00
300	6.06841863880314314e+00
301	6.48674841652294454e+00
302	6.41635044609314864e+00
303	6.64634022803803859e+00
304	6.18521902341772822e+00
305	6.57903978840748138e+00
306	6.31618047252784987e+00
307	6.74212302613880077e+00
308	6.10980970560743408e+00
309	6.18936077724259270e+00
310	5.76837038113166578e+00
311	6.83188507213371210e+00
312	6.33982354648982049e+00
313	7.22665404520205179e+00
314	5.46782069056898212e+00
315	5.74911020787807914e+00
316	6.82854637149683263e+00
317	5.86174770458788874e+00
318	5.46586432700139291e+00
319	6.33624166390602728e+00
320	6.26647196916283722e+00
321	5.56481502762402869e+00
322	5.60290080101089050e+00
323	6.40602457539239811e+00
324	6.15830660370612470e+00
325	7.30876074250137187e+00
326	7.18664653718535806e+00
327	6.24857246197915384e+00
328	5.95851806688728303e+00
329	6.02835147152896855e+00
330	6.64093656165447133e+00
331	6.59037817431809714e+00
332	6.82201023406496443e+00
333	5.87189551855013825e+00
334	5.48933244970537260e+00
335	6.54442932705135405e+00
336	6.46696831694243990e+00
337	6.71068206987240767e+00
338	5.71976831613301417e+00
339	5.45476488855304442e+00
340	6.10705175711102921e+00
341	6.91969519036118985e+00
342	6.03501398065543704e+00
343	6.09093621742956870e+00
344	6.25003112119228099e+00
345	7.26526153225502647e+00
346	6.58116733534620391e+00
347	6.30073814794539810e+00
348	6.67711784484712023e+00
349	6.72293857679597018e+00
350	5.96828561780067091e+00
351	6.91970248024501444e+00
352	6.39314386758662678e+00
353	6.81707205370650371e+00
354	6.82906910777613518e+00
355	6.39491894108397396e+00
356	6.31251985342693711e+00
357	6.96203106119478932e+00
358	6.79546620881263141e+00
359	5.96528817484428764e+00
360	6.00298824731719716e+00
361	6.35691699260976772e+00
362	5.68092081996291576e+00
363	7.42392696156570064e+00
364	6.30921177739904593e+00
365	5.83763668273422631e+00
366	6.52177184120990994e+00
367	5.79523211527374382e+00
368	5.79387235418390123e+00
369	5.46799568231444244e+00
370	6.26258275236031636e+00
371	5.85677236899280107e+00
372	6.63848943180020701e+00
373	6.26661456867810784e+00
374	6.18048678674071184e+00
375	5.49777947782048582e+00
376	7.15795095678834237e+00
377	6.20763683035850633e+00
378	6.29471219680699878e+00
379	6.47855380385183732e+00
380	6.10839492717695620e+00
381	6.53210584454221888e+00
382	5.86986681960155554e+00
383	7.37608106156541776e+00
384	6.09103351724708197e+00
385	6.77336631327892835e+00
386	6.11826194161899739e+00
387	6.12694814060978032e+00
388	5.68928648075401444e+00
389	6.31270015754445613e+00
390	5.87924966804174165e+00
391	6.72750131750922975e+00
392	7.04126883736404174e+00
393	6.24597735179075286e+00
394	6.75594146564836873e+00
395	6.17454029577208541e+00
396	6.56798709638775691e+00
397	6.31137572649361456e+00
398	6.42526173823377089e+00
399	6.35961329405332076e+00
400	6.37813334709403446e+00
401	7.70328446555945145e+00
402	5.77009813832732199e+00
403	6.29197465747009232e+00
404	6.05227842591243537e+00
405	6.83316231646865724e+00
406	6.08843528485147889e+00
407	5.98739404018476495e+00
408	6.69693232967525010e+00
409	6.67083485467818882e+00
410	5.75310891348559217e+00
411	6.70975338416081346e+00
412	6.04680487797791155e+00
413	6.23100073552149158e+00
414	5.59047367156588848e+00
415	6.61091223033202979e+00
416	6.47358938419223495e+00
417	6.14241023217866289e+00
418	5.67789820442743398e+00
419	6.77808086904334228e+00
420	6.21729081947118711e+00
421	6.06160761819625904e+00
422	6.00468205412716660e+00
423	6.11169002423701446e+00
424	6.60368350814642202e+00
425	5.81693421235169428e+00
426	6.19349978584338956e+00
427	7.17688310298557397e+00
428	6.14466691812595300e+00
429	6.12302966311529673e+00
430	6.47157209305428616e+00
431	6.28432295547837239e+00
432	6.42835119416470935e+00
433	6.35471280690857121e+00
434	6.59311260720096826e+00
435	5.37083890752756243e+00
436	6.36701033817463280e+00
437	5.88160152745225950e+00
438	6.64060729631399127e+00
439	7.18123241276549162e+00
440	5.45377229538457264e+00
441	5.84884482676749151e+00
442	6.22482559875382346e+00
443	5.44411736216391873e+00
444	6.37034530765181817e+00
445	6.87222904624777975e+00
446	6.02631570072600287e+00
447	6.13830297721253171e+00
448	6.21131731324492531e+00
449	6.36077958935244236e+00
450	6.21592344209249159e+00
451	5.84803570857281052e+00
452	6.23641888907176600e+00
453	5.96214342137204500e+00
454	5.92558465762781506e+00
455	6.46115460288739651e+00
456	6.39189339012634328e+00
457	6.63681969917666947e+00
458	6.36594195838829791e+00
459	6.65023805826319681e+00
460	6.77047024583142321e+00
461	5.95258008981721698e+00
462	6.78053370707837288e+00
463	6.92980347288677123e+00
464	6.00764457047859679e+00
465	5.43119030235784095e+00
466	5.96856726148609518e+00
467	5.43216174714476008e+00
468	6.34436479797232611e+00
469	5.94078478678187238e+00
470	6.78620035488789952e+00
471	5.82098976277262103e+00
472	6.88956064050621109e+00
473	6.30812023842182956e+00
474	6.85511185525636080e+00
475	6.34007796944460722e+00
476	6.55662414811095839e+00
477	5.44972655946851425e+00
478	5.99833119634045175e+00
479	5.71173359560637373e+00
480	6.19130444826458337e+00
481	6.63715206088827792e+00
482	6.44485287263192319e+00
483	7.07024548388162444e+00
484	5.70507937445123581e+00
485	6.18766682323625883e+00
486	5.97519793302604896e+00
487	6.78681585442098001e+00
488	6.24966524161156478e+00
489	5.48355230749840317e+00
490	6.06053598049819797e+00
491	6.11411850011133406e+00
492	6.18439024873876608e+00
493	5.62807063480646708e+00
494	6.63972161149947393e+00
495	6.27677582271505941e+00
496	6.63924132899525254e+00
497	6.61650442113290804e+00
498	6.15593156707354705e+00
499	5.69228963006867428e+00
500	5.89218455608627334e+00
501	6.79691959017574288e+00
502	6.57103252023893791e+00
503	6.50627263580105719e+00
504	6.53199738827503840e+00
505	6.40246761669950448e+00
506	6.51633026713021657e+00
507	6.65622305345795162e+00
508	5.88642949352774814e+00
509	5.97700983273712705e+00
510	6.71104648235009815e+00
511	5.96943991423228315e+00
512	6.15398948827248837e+00
513	5.57229672329132519e+00
514	6.40799747672257691e+00
515	5.87520140179269568e+00
516	7.21713174221604259e+00
517	6.55134936118004596e+00
518	5.59005738415411901e+00
519	5.83250459383880937e+00
520	6.57862703917180802e+00
521	5.55885110411309125e+00
522	6.59338927532375685e+00
523	6.17026717275991921e+00
524	6.76139522750634558e+00
525	6.13591745399404420e+00
526	6.88100847847806563e+00
527	7.06335938435716049e+00
528	6.35553435458160809e+00
529	6.49480435661163114e+00
530	6.87352183201847922e+00
531	7.26549549073875589e+00
532	6.83644812221304576e+00
533	6.80424459681652483e+00
534	6.13809042064010679e+00
535	6.91639258136737123e+00
536	6.71375679745310006e+00
537	5.89816869458304183e+00
538	5.80633505409093420e+00
539	5.89959364143802567e+00
540	6.13318986319979498e+00
541	5.94874690124145022e+00
542	6.63044308958930451e+00
543	5.79914064753014902e+00
544	6.35543780862330454e+00
545	4.81770932954076336e+00
546	6.69376212475417454e+00
547	6.86910073923582942e+00
548	6.16812112492977160e+00
549	6.09147881706188343e+00
550	6.64003674309406033e+00
551	5.77939635960640086e+00
552	6.41592315866651752e+00
553	6.12912350326392197e+00
554	5.84966183835196940e+00
555	6.58008136290250434e+00
556	6.16257078604124153e+00
557	6.69477018671736435e+00
558	6.57941552090695492e+00
559	5.90921866099352933e+00
560	6.70448270462753104e+00
561	6.79018379827993446e+00
562	6.50855996120224933e+00
563	6.60099976176696934e+00
564	6.16023148893641803e+00
565	5.79387388980428852e+00
566	6.14254443179302623e+00
567	6.68059172006698532e+00
568	6.18019197551287824e+00
569	5.67722196010119173e+00
570	5.39701415005137353e+00
571	4.84544133038997948e+00
572	6.89681512943789432e+00
573	5.83625731305460249e+00
574	6.35850015649825639e+00
575	5.88475095253666680e+00
576	6.21599045169612374e+00
577	6.03300545969588153e+00
578	6.47814682066578040e+00
579	5.31803289738216112e+00
580	7.20436655601944409e+00
581	6.85629474501177949e+00
582	6.70685325822968004e+00
583	6.42813845804770789e+00
584	5.96176768424231085e+00
585	6.29581417034282431e+00
586	7.15093002155889845e+00
587	5.81738475282451262e+00
588	6.26681080097714460e+00
589	6.47620739843558191e+00
590	6.34509975426944095e+00
591	6.31039205682257087e+00
592	5.93940058500417312e+00
593	6.13371584583022056e+00
594	5.68968183790237081e+00
595	5.75542859924283512e+00
596	6.58749698437180164e+00
597	5.74229544307248752e+00
598	6.12490065620221902e+00
599	5.89263405050046174e+00
600	6.05313593117849358e+00
601	5.87271073212511574e+00
602	6.35216384269199352e+00
603	6.15899092119905411e+00
604	6.77358215726869695e+00
605	6.35691191351386919e+00
606	6.80133718936604303e+00
607	5.92885927610754226e+00
608	6.90527581640108590e+00
609	5.96004024929981213e+00
610	6.15233061515662882e+00
611	6.21449056654827547e+00
612	5.72653423466130729e+00
613	6.12486886390892682e+00
614	6.03984614366803019e+00
615	6.25370286207870141e+00
616	5.88618267575609000e+00
617	5.70889956907912222e+00
618	6.20006508155263170e+00
619	6.23805878078649201e+00
620	6.32064773503062938e+00
621	6.35910739312743800e+00
622	6.27580199046282505e+00
623	5.82649134658566226e+00
624	6.27720272043140870e+00
625	6.59701302707608317e+00
626	6.47632585989913956e+00
627	6.30728680163793065e+00
628	6.15431816427766432e+00
629	6.17972683663783506e+00
630	6.60084515367308189e+00
631	5.65458595205612990e+00
632	6.90734284950628119e+00
633	6.84397732153980787e+00
634	6.60952468232718271e+00
635	6.12643414004643372e+00
636	6.39454961034148273e+00
637	5.97818071537496110e+00
638	6.32126863991329024e+00
639	6.15804991282689773e+00
640	6.62428942752396210e+00
641	6.47584294762303170e+00
642	6.59958158063810352e+00
643	6.48005749555676669e+00
644	7.51241011705694017e+00
645	6.71477248961909812e+00
646	5.85558215933960557e+00
647	6.31818766796099940e+00
648	5.58794174831618395e+00
649	6.24134517193431559e+00
650	7.16146335202904716e+00
651	6.99642418531866106e+00
652	6.27934680080092544e+00
653	6.55086361343100432e+00
654	6.63964349916380847e+00
655	6.26950735001608361e+00
656	5.97155932637682163e+00
657	6.12671872309527288e+00
658	5.85134594753353099e+00
659	6.26622774514875758e+00
660	6.57260774710693774e+00
661	6.20496757278965738e+00
662	6.10502259118080559e+00
663	6.80117439767635368e+00
664	5.78030337331670907e+00
665	6.87319086518770206e+00
666	6.31114988237146157e+00
667	5.84026541944869315e+00
668	6.31029375205904675e+00
669	6.48222184024268344e+00
670	6.00712654328987572e+00
671	6.47518680658998846e+00
672	6.61133018581111731e+00
673	6.59401762811947645e+00
674	5.87088549945328442e+00
675	6.61564903592493270e+00
676	6.55905472574268700e+00
677	5.98394004165519355e+00
678	6.97600458356388664e+00
679	6.28302168193209276e+00
680	6.63510646425245199e+00
681	6.53869472105695859e+00
682	6.08058782818661925e+00
683	5.97346201331361470e+00
684	6.20366724509970524e+00
685	5.39202144945452755e+00
686	6.53836836460774506e+00
687	6.29152397048504408e+00
688	6.27537219530618717e+00
689	6.62718117839676335e+00
690	5.72364155792615659e+00
691	6.30586257176798792e+00
692	6.70096118719097511e+00
693	6.11995450794910223e+00
694	6.35168713190544221e+00
695	6.17340864529390387e+00
696	6.19972938713036381e+00
697	6.52055334505325934e+00
698	5.73291317711300508e+00
699	7.06921122512304212e+00
700	5.92512048696811799e+00
701	5.83602498317493179e+00
702	6.73187446353285068e+00
703	6.22332837684495832e+00
704	7.21996712702644494e+00
705	5.71571138878452611e+00
706	6.63896005703699110e+00
707	5.49296817225916012e+00
708	6.22276717408211510e+00
709	7.13250254219465685e+00
710	5.76732830462941681e+00
711	6.49453105597981395e+00
712	6.60751528509507935e+00
713	6.61422001045537389e+00
714	6.62511084230041813e+00
715	6.08121123589992685e+00
716	6.13983354489053657e+00
717	6.70782727847750859e+00
718	6.62920555736862127e+00
719	6.50364924558976476e+00
720	6.08152272766524860e+00
721	5.90270489330675474e+00
722	6.06427328512882813e+00
723	6.11566892802812223e+00
724	6.09482824408052704e+00
725	6.27779115785367914e+00
726	5.86320974055083877e+00
727	7.48926673419272859e+00
728	6.76254237420699233e+00
729	6.49279892399314829e+00
730	6.34911201261025049e+00
731	6.27377666203243223e+00
732	6.15771365061138365e+00
733	6.27354756264327307e+00
734	6.73019271515224204e+00
735	6.33777602823158048e+00
736	6.19263474600413488e+00
737	6.18590157796279971e+00
738	5.77953534869694341e+00
739	6.04404852636172762e+00
740	6.21276189601741891e+00
741	7.02675660212959663e+00
742	6.36600841843636900e+00
743	6.51031448570094273e+00
744	6.59864905743130592e+00
745	6.62408393007252627e+00
746	6.45280040023556989e+00
747	5.93686632505334089e+00
748	6.99463718069809737e+00
749	5.89112471756417388e+00
750	6.49903635807794977e+00
751	6.65279996143715202e+00
752	6.32836978644867365e+00
753	5.52763572483443255e+00
754	6.77418939001994236e+00
755	6.48134840644373966e+00
756	6.23791232718077637e+00
757	6.15921067319865401e+00
758	6.39936948787619109e+00
759	6.91212530154208160e+00
760	5.75498619781390008e+00
761	6.60480268869738829e+00
762	6.10156335709590714e+00
763	6.93186104894790400e+00
764	5.53757683950310309e+00
765	5.89175788184372262e+00
766	6.17460481153758600e+00
767	5.98862491678758779e+00
768	6.18486629614820149e+00
769	6.68417266527220288e+00
770	6.40103011161372937e+00
771	6.16307518108930186e+00
772	6.01562466557235798e+00
773	6.41394644842041473e+00
774	5.84591565321084250e+00
775	5.75873060801180969e+00
776	6.21209743487075894e+00
777	5.64432786365422512e+00
778	6.88670313403356360e+00
779	6.17477100312027094e+00
780	6.68438011607848104e+00
781	6.92124685438389875e+00
782	6.48951008758228109e+00
783	6.57476834200160276e+00
784	6.68960349650830732e+00
785	6.54457773179489433e+00
786	6.15325237390577851e+00
787	5.60671901864436517e+00
788	6.88923398432939571e+00
789	5.83545316142899484e+00
790	6.41991908089587060e+00
791	6.05181366847005631e+00
792	6.08854519422263962e+00
793	5.21557081334899131e+00
794	5.87645887254558286e+00
795	6.68402812852635453e+00
796	7.03639916473689109e+00
797	6.27154868600713300e+00
798	6.29732732537650630e+00
799	6.09389848802764789e+00
800	6.24704383528918505e+00
801	5.99073691029706268e+00
802	7.28299012038910654e+00
803	6.62239778813242630e+00
804	6.97049877657524597e+00
805	6.19199176301950693e+00
806	6.46493465672212153e+00
807	6.47802296721772031e+00
808	6.80729836563607194e+00
809	6.13378202654472648e+00
810	6.57246570579301359e+00
811	5.61987196910794484e+00
812	6.33115653002726653e+00
813	6.43206463441362164e+00
814	6.10541466129071964e+00
815	6.41168249694625292e+00
816	6.43609059308970721e+00
817	6.04760627133186901e+00
818	5.54396441994947420e+00
819	7.41807958561193637e+00
820	6.40638518242573518e+00
821	6.29075573486585959e+00
822	6.72996484147443219e+00
823	5.94545772943091588e+00
824	6.34626973646707881e+00
825	6.31203906818511573e+00
826	7.26018952921999094e+00
827	6.30955011053722359e+00
828	6.57921288595968345e+00
829	6.37525984907631482e+00
830	6.47389412295667555e+00
831	5.46015096885139073e+00
832	5.95110945497719346e+00
833	6.13999819123401736e+00
834	5.39612557859956166e+00
835	6.14616943307945540e+00
836	6.56314020212933169e+00
837	6.79975675804186785e+00
838	6.40863012297762147e+00
839	6.31686343119910365e+00
840	6.26456386363488704e+00
841	5.93672992993592707e+00
842	6.74626500834610709e+00
843	5.68845336928534362e+00
844	6.24371062588230341e+00
845	5.37802144338927057e+00
846	6.78045993251904555e+00
847	6.40366832104086114e+00
848	7.24895600976306831e+00
849	5.82164106571264917e+00
850	6.45443578862306833e+00
851	6.89348374741989378e+00
852	6.75650806643995772e+00
853	6.23491202747983753e+00
854	5.76976673364741899e+00
855	5.80251225763631950e+00
856	6.80259780397870983e+00
857	5.35472164140281759e+00
858	5.21119313375919901e+00
859	6.30353994525987638e+00
860	6.31664226289287711e+00
861	6.51508564578375182e+00
862	6.18368478349471040e+00
863	6.91260508091969328e+00
864	6.94353673110423575e+00
865	6.47518624471850757e+00
866	6.23247838466483461e+00
867	6.50261019930742368e+00
868	5.58600215556414792e+00
869	5.64296771672699204e+00
870	6.22718066982254559e+00
871	6.38294121093866362e+00
872	6.17139599631520852e+00
873	6.58180756851323956e+00
874	5.79448538487352760e+00
875	6.46104074565681685e+00
876	6.11996742885686995e+00
877	6.70355455713754989e+00
878	6.56950708464058852e+00
879	6.68341947626298705e+00
880	6.48985119051540948e+00
881	6.25673444146263069e+00
882	6.15855259138845845e+00
883	6.88953856794766217e+00
884	6.24132593613019537e+00
885	5.87198394454631778e+00
886	6.51897770358425444e+00
887	5.80005488483591325e+00
888	7.56227865695514812e+00
889	6.54329279340867753e+00
890	7.08230376740721645e+00
891	7.24916443777059349e+00
892	5.73224828163760325e+00
893	5.86991128725160571e+00
894	6.82667243272485180e+00
895	5.95296141118075450e+00
896	6.22520069269876508e+00
897	6.48461065380122204e+00
898	6.83591506976553731e+00
899	5.63404861788676481e+00
900	5.81441985220644941e+00
901	6.49035539443490972e+00
902	6.42302307867134559e+00
903	5.94267077830144252e+00
904	6.34229871778621757e+00
905	6.07856025702684022e+00
906	6.24816834010407618e+00
907	6.04350218957087826e+00
908	5.96112325809210208e+00
909	6.11272879465890906e+00
910	6.60370397856778801e+00
911	6.60666666074550957e+00
912	7.04790107218019113e+00
913	6.41212404355446797e+00
914	6.30939759428121771e+00
915	5.68213774681121819e+00
916	5.76823795897095426e+00
917	6.30802623998841394e+00
918	6.24394927696497160e+00
919	7.11084356165821330e+00
920	6.68864061132885901e+00
921	6.07010468152821669e+00
922	6.96469439850650573e+00
923	6.68178274274574768e+00
924	6.41739466357695321e+00
925	5.43242267733356243e+00
926	6.50196975878992589e+00
927	5.98094502923204718e+00
928	6.97104263150262149e+00
929	6.96089859889843598e+00
930	6.43918897021086956e+00
931	6.30579141196891335e+00
932	5.46635576500046483e+00
933	6.69663212772812066e+00
934	6.75881293419944118e+00
935	6.54415178261114683e+00
936	6.27270631655343003e+00
937	5.79900102485668700e+00
938	5.81488235563250466e+00
939	6.47907223135403054e+00
940	6.10817375478659219e+00
941	4.83021812669067163e+00
942	6.25510335764106618e+00
943	6.16493521889579998e+00
944	5.61942688897528342e+00
945	6.14719489773486405e+00
946	6.34825599210207869e+00
947	6.14400381756682101e+00
948	6.66852969662738726e+00
949	6.08126614605156846e+00
950	5.82388416808467024e+00
951	6.64767650794479525e+00
952	5.88700513659647928e+00
953	6.43319039564634387e+00
954	6.45580985266231444e+00
955	6.20655006345939686e+00
956	6.80598523137325895e+00
957	6.82838139510739683e+00
958	6.84002771921303854e+00
959	6.02835532290685006e+00
960	5.93155507904561574e+00
961	6.78034061050595671e+00
962	6.47163310166930472e+00
963	6.45060315772977511e+00
964	6.53470952889306922e+00
965	5.60185544415904157e+00
966	6.61091131662645992e+00
967	5.84789420992377362e+00
968	5.97772088923529044e+00
969	5.79449114224822726e+00
970	6.39807677758606719e+00
971	6.51036316632707468e+00
972	7.07104671500063553e+00
973	6.42264010168120780e+00
974	6.30918870070023186e+00
975	6.14455140908945463e+00
976	7.00244846251448827e+00
977	6.79928666884041188e+00
978	5.69614428632698289e+00
979	5.99594557316150123e+00
980	5.46086391617835343e+00
981	6.31468429866038772e+00
982	5.56162641590015205e+00
983	5.81781238369843567e+00
984	5.99841443429263244e+00
985	6.23449411370836781e+00
986	5.69409533310344163e+00
987	6.68345574845489043e+00
988	7.44707561982473010e+00
989	6.00463600341883552e+00
990	5.91144381583879053e+00
991	5.12112810644542549e+00
992	6.70117597573626167e+00
993	6.23153786431496037e+00
994	5.40403594267874432e+00
995	6.32994713424682853e+00
996	7.03833837141146823e+00
997	6.44121138178564490e+00
998	6.51580293042209568e+00
999	6.19990672372263418e+00
1000	5.76593768281224772e+00
