1	7.17282276399216911e+00
2	5.82317367150387444e+00
3	6.67988863990050774e+00
4	6.40016160875871254e+00
5	7.33299797006580434e+00
6	6.34742642619415776e+00
7	6.34794387601596899e+00
8	6.30455587615399260e+00
9	6.16202114640767284e+00
10	5.86293781389187885e+00
11	6.29263034954276979e+00
12	5.76923599358274330e+00
13	5.76218900745812235e+00
14	6.10447979999630963e+00
15	6.26471954630539152e+00
16	6.64733417552990780e+00
17	6.26669694835890656e+00
18	6.02538434590957195e+00
19	5.65584075207151749e+00
20	6.19616857351194295e+00
21	6.41575025189287196e+00
22	5.55595226079731308e+00
23	6.67969342118394138e+00
24	6.42077454315083429e+00
25	5.79973534891700204e+00
26	6.82135000201337505e+00
27	6.43514871273232636e+00
28	6.49810243891526618e+00
29	6.03472802639603234e+00
30	5.93703760157968841e+00
31	5.50600208264945223e+00
32	6.17388084177644636e+00
33	5.83804479658994602e+00
34	6.40558322900078192e+00
35	6.66764362295549073e+00
36	6.44537029750828605e+00
37	6.70741100954480540e+00
38	6.21159944082780235e+00
39	6.45848480833621785e+00
40	6.51987355375430777e+00
41	6.08400859417018669e+00
42	6.62191520722976179e+00
43	6.12125059523481241e+00
44	6.47269251436017967e+00
45	6.25609441195727722e+00
46	6.65788455050676564e+00
47	6.25470547780432007e+00
48	6.42055630173385516e+00
49	6.52994459959590934e+00
50	6.65724637912445871e+00
51	6.14842819531009876e+00
52	6.45677354196934772e+00
53	6.46404800346306363e+00
54	6.53400924671356975e+00
55	6.11973337530689232e+00
56	5.84786021075464646e+00
57	5.88334701111313141e+00
58	6.30370718915387940e+00
59	6.14582966692184396e+00
60	6.49151688643770797e+00
61	6.66327228683869510e+00
62	7.10899437639568266e+00
63	6.35716968611987632e+00
64	6.65920433768231224e+00
65	6.46968362100504102e+00
66	5.98199975012664176e+00
67	6.35432180664869328e+00
68	5.98951247953565691e+00
69	6.32767597656617298e+00
70	6.45377072483243008e+00
71	6.32438282735924151e+00
72	6.05467226590281804e+00
73	6.76316718102020520e+00
74	6.28182032710279081e+00
75	6.47650382407684688e+00
76	5.81001034681328221e+00
77	6.54305354720022603e+00
78	6.00118573136601086e+00
79	6.29813312251404689e+00
80	6.34539732216490027e+00
81	6.04924143960698757e+00
82	6.31627388198382178e+00
83	6.22742498332788408e+00
84	6.38261375693364474e+00
85	6.48433984058219526e+00
86	6.28227219922102176e+00
87	6.43823899813412126e+00
88	6.03483626128830242e+00
89	5.87112568293200532e+00
90	6.67675357085495058e+00
91	6.48042797833110029e+00
92	5.70040445204780966e+00
93	5.93763699735711015e+00
94	6.79798505598422409e+00
95	6.41595956806393186e+00
96	6.40955567089638745e+00
97	6.71288702326735098e+00
98	5.69649651340975449e+00
99	6.33921571868215583e+00
100	5.76689731670142169e+00
101	6.29513888595486559e+00
102	6.85842617292490697e+00
103	6.31683128522251103e+00
104	6.42149152926415834e+00
105	6.10894779827422596e+00
106	6.05846794461474580e+00
107	6.48218682900827758e+00
108	6.20719712180232541e+00
109	6.16201455367228945e+00
110	5.91896553037399897e+00
111	5.88937445342653110e+00
112	5.83734478502916510e+00
113	6.00286299070405427e+00
114	6.74064074050954432e+00
115	6.43941373036860298e+00
116	5.36526045698283127e+00
117	6.12509813874903930e+00
118	5.98169161215167033e+00
119	6.03942676088884500e+00
120	5.90855522420238000e+00
121	6.44648699534537339e+00
122	6.16988338630513589e+00
123	5.92167227236318894e+00
124	5.79589918135238147e+00
125	6.68025077135312717e+00
126	5.95698338448483788e+00
127	5.92993759182380042e+00
128	6.04118681783945188e+00
129	6.10869178377363031e+00
130	6.34464805406989818e+00
131	6.56719178095398970e+00
132	6.56056704860641737e+00
133	6.16840279748094567e+00
134	6.29199985804827655e+00
135	6.79131364075276522e+00
136	5.72694498943244845e+00
137	6.48622691379726746e+00
138	6.11238461379910092e+00
139	6.30403974375102205e+00
140	6.55757665281979296e+00
141	6.10620807755522677e+00
142	5.94290964551076240e+00
143	6.26329169251368167e+00
144	6.59772983829795212e+00
145	5.85190873521724431e+00
146	5.87125469565092661e+00
147	6.50254856743575527e+00
148	6.38326343816549624e+00
149	6.81977150035810809e+00
150	6.61877905140483325e+00
151	6.10068267352487137e+00
152	5.93417241702244613e+00
153	6.13242004463126467e+00
154	6.49242271156030082e+00
155	6.24703895648343721e+00
156	6.16128709559953780e+00
157	6.44681614000446235e+00
158	6.09525189799531475e+00
159	6.65616375427699047e+00
160	6.44180966556078261e+00
161	5.73174439715581485e+00
162	6.36304066049767680e+00
163	6.45483157409632025e+00
164	6.29748472971124240e+00
165	6.17278423801916531e+00
166	5.87405554843044264e+00
167	6.61262927670750500e+00
168	5.62026499775374244e+00
169	6.44716010211527557e+00
170	6.00913871481831130e+00
171	6.29174071341475649e+00
172	6.55068782559897045e+00
173	6.57979264397401398e+00
174	5.99886094368971801e+00
175	6.06933665836263359e+00
176	6.43293647221087284e+00
177	6.24687851015058548e+00
178	6.40181061939133400e+00
179	5.92449298110631428e+00
180	6.62897597009657336e+00
181	6.57049161473108256e+00
182	6.32139335934660096e+00
183	6.17394039182340393e+00
184	5.94273559035455801e+00
185	6.41527525272580945e+00
186	6.62904742947045822e+00
187	6.07710158169657877e+00
188	6.18432616928589152e+00
189	6.72975708027611041e+00
190	6.97841494785613570e+00
191	6.24680409583453233e+00
192	6.20118636890054198e+00
193	5.92340797895774518e+00
194	6.26291894447683184e+00
195	6.29919146259881391e+00
196	6.51893117124635246e+00
197	6.69637132942513347e+00
198	5.86565470566060476e+00
199	5.92024606618315552e+00
200	6.18481304384137509e+00
201	6.31505171235609275e+00
202	5.76667850792435566e+00
203	5.98589389818674622e+00
204	5.95971810759339071e+00
205	6.27750050630414869e+00
206	6.36463131294475559e+00
207	6.11082793592835394e+00
208	6.20439687804317863e+00
209	6.22214800259645884e+00
210	6.38976820836936277e+00
211	6.24226316551124416e+00
212	6.24662855808043016e+00
213	6.08556103352521127e+00
214	6.79573253098841601e+00
215	6.08549267195501997e+00
216	6.56992724923702642e+00
217	5.76295220520889728e+00
218	6.82773165112429314e+00
219	5.94775147847040220e+00
220	6.35574096795315313e+00
221	5.69667554181865121e+00
222	6.02280378258282045e+00
223	6.19599203875450666e+00
224	6.37072015894386112e+00
225	6.36868013922149689e+00
226	6.54309431578794243e+00
227	6.22898335768592926e+00
228	6.20669344110900489e+00
229	5.72921226087173885e+00
230	6.45198496169261659e+00
231	6.26980080019936548e+00
232	6.30535377381280338e+00
233	5.65687913786665764e+00
234	6.94418629266790610e+00
235	6.06620829296737529e+00
236	6.54810876453588797e+00
237	5.87313444564203291e+00
238	6.53987956295887329e+00
239	6.05194362282305676e+00
240	6.12563023588780364e+00
241	6.51412620621818306e+00
242	5.45948553959095939e+00
243	5.91614356039347911e+00
244	5.82527868005408589e+00
245	6.37527614210987981e+00
246	6.54036777105685196e+00
247	6.18888846349993660e+00
248	6.29656833229617607e+00
249	6.36021004778693833e+00
250	6.08235669214987063e+00
251	5.91662127872689858e+00
252	6.80352717875852431e+00
253	6.59993380292955756e+00
254	6.30781727670305958e+00
255	5.79839058670449692e+00
256	6.38077064989799680e+00
257	6.28154556478263171e+00
258	6.45216204409256022e+00
259	6.04144674965109196e+00
260	6.97874139753447498e+00
261	6.13668785311678455e+00
262	6.31551211641912680e+00
263	6.17787704300066665e+00
264	5.99435207090674993e+00
265	5.88982807985263346e+00
266	6.22435821727267591e+00
267	6.33838316050532047e+00
268	6.34989387479289835e+00
269	6.22586477829950891e+00
270	6.38639904946038417e+00
271	6.31262331507523644e+00
272	6.34372123639283814e+00
273	6.48230496099184528e+00
274	6.17252279507449053e+00
275	5.91947899486603291e+00
276	6.30217563660651869e+00
277	6.21975589306532850e+00
278	6.91314336969671572e+00
279	6.56520341073700653e+00
280	6.74226270227688218e+00
281	5.94157048861943249e+00
282	5.90416535528015096e+00
283	6.65716031633867988e+00
284	6.58238413447820481e+00
285	6.15055828607601018e+00
286	6.36769653442657368e+00
287	6.46993901731990384e+00
288	5.26654003209593924e+00
289	5.72018264737535898e+00
290	6.43840877323838345e+00
291	6.22779790090926344e+00
292	5.90519108399818560e+00
293	6.75317408661317220e+00
294	6.70425176122914923e+00
295	5.79869737538664687e+00
296	6.33415272145687602e+00
297	6.32554441009849544e+00
298	6.53208506612874729e+00
299	6.12746093467544028e+00
300	5.96930806498126465e+00
301	6.35544242846300200e+00
302	6.53738888770431359e+00
303	6.41235185981668021e+00
304	6.40299798930909780e+00
305	5.82529421562091176e+00
306	6.46570174573708290e+00
307	6.50260610549649787e+00
308	6.27554976943533038e+00
309	6.67096620677449614e+00
310	5.69167901388866948e+00
311	6.30303520683787610e+00
312	6.32589142111231251e+00
313	6.34616043953366304e+00
314	6.63175028539857525e+00
315	6.50471553543996883e+00
316	6.25709374078790859e+00
317	6.48638554124722333e+00
318	5.78130596970957900e+00
319	6.48241431221582509e+00
320	6.41007433258150261e+00
321	6.37684639670987519e+00
322	6.46751207380228799e+00
323	6.47370300978337898e+00
324	6.49838754496107551e+00
325	5.70548080196342511e+00
326	6.16114450855918161e+00
327	6.72257387417383967e+00
328	6.00153316238879952e+00
329	6.60210847062579642e+00
330	6.00178348845108012e+00
331	6.34331154378006534e+00
332	5.98085684570177900e+00
333	6.14044994484822571e+00
334	6.31723600718037215e+00
335	6.01043225733274689e+00
336	5.71536061405154694e+00
337	6.36854105588116504e+00
338	6.15657182668200953e+00
339	6.37963578178744406e+00
340	5.70841262158714624e+00
341	6.24413741761576713e+00
342	6.14548190978237141e+00
343	6.76185877644356292e+00
344	6.36281889784232746e+00
345	6.64045179175488354e+00
346	6.30183586520142125e+00
347	5.86271382440784361e+00
348	6.32173601560729725e+00
349	6.70816012578109699e+00
350	5.89068029612568900e+00
351	6.36276948121859132e+00
352	6.43875730631639787e+00
353	5.79716870295018705e+00
354	6.34905931214631902e+00
355	6.43801434647152337e+00
356	6.09782179463685114e+00
357	6.36918553740886306e+00
358	6.10336053394243905e+00
359	5.77573545532753485e+00
360	6.35160240898463080e+00
361	6.65540780436494561e+00
362	6.65176860838241701e+00
363	6.34208064672983696e+00
364	6.04794622218329803e+00
365	6.68027923498910958e+00
366	6.16160801627675081e+00
367	6.26842554059675017e+00
368	6.13015669957817178e+00
369	6.09046377003598849e+00
370	6.49763475637900889e+00
371	5.90119371977567919e+00
372	6.67883541507521805e+00
373	6.03198436002900173e+00
374	5.84929186639954057e+00
375	6.21256396220964291e+00
376	6.83060789644707445e+00
377	6.60254586832926904e+00
378	6.08920710460092351e+00
379	6.27117688594507872e+00
380	6.56506490768614714e+00
381	5.99354583135411367e+00
382	6.01927804388601562e+00
383	6.35234551766700406e+00
384	6.20708142636796190e+00
385	6.34879045364991601e+00
386	6.58296473363462287e+00
387	6.36740883837259464e+00
388	6.39347035365166594e+00
389	6.12037213028170779e+00
390	6.02576774542545124e+00
391	5.79770599931146879e+00
392	6.71286589175718085e+00
393	6.07918914116891163e+00
394	5.94223672901059885e+00
395	6.34349164266414078e+00
396	6.24964848191732614e+00
397	6.49703345056854165e+00
398	6.07232363107359685e+00
399	6.25806363411258992e+00
400	6.23642341392946076e+00
401	6.55449694487829682e+00
402	6.15607978209380136e+00
403	5.79223880632434707e+00
404	6.43269194762586416e+00
405	6.36837092372124314e+00
406	5.98020360638338833e+00
407	5.55445046116084029e+00
408	6.01332541845404300e+00
409	6.76251601426447291e+00
410	6.72533319539084484e+00
411	6.51409052388443488e+00
412	6.19680101253956206e+00
413	6.30422964964479249e+00
414	6.06382621570033908e+00
415	6.27706397480964995e+00
416	6.40862931104324574e+00
417	6.08425179200717015e+00
418	6.24402319512347059e+00
419	6.58759003740065108e+00
420	6.06063996083201495e+00
421	6.25971552333464309e+00
422	6.51865327147667273e+00
423	6.27532364789311004e+00
424	6.65433240549812055e+00
425	5.65839600720294644e+00
426	6.34000047059463334e+00
427	6.33669288723236690e+00
428	6.28382292620070437e+00
429	6.24354368378888669e+00
430	6.55459873850826202e+00
431	6.68042642447495538e+00
432	6.26902411837489915e+00
433	6.26626707744036171e+00
434	6.26745313567796103e+00
435	6.19740816421545127e+00
436	6.54369254396560862e+00
437	6.49002422781935362e+00
438	6.22711792425853972e+00
439	6.47097604737418042e+00
440	6.58843273298133347e+00
441	6.30468849232941064e+00
442	6.30389669452237023e+00
443	5.72794293310303004e+00
444	6.22699569861544511e+00
445	6.04308796998321540e+00
446	6.20194175911169143e+00
447	6.32758761423823213e+00
448	6.02515010143129714e+00
449	6.65172010182157347e+00
450	6.59294923113753661e+00
451	5.94516311872709213e+00
452	6.21511545546773725e+00
453	6.27476294393339185e+00
454	6.37025801119034174e+00
455	6.48231281605760579e+00
456	6.24328190154008311e+00
457	6.58655410612474590e+00
458	6.23748708693010467e+00
459	6.53279874108503478e+00
460	6.10379057678225490e+00
461	5.96474918828010292e+00
462	6.02504531898518181e+00
463	6.63331811209428057e+00
464	6.35897089244273772e+00
465	6.47239890170910925e+00
466	6.51848323622376480e+00
467	6.37185213302077802e+00
468	6.86584070861300777e+00
469	6.38305159540181322e+00
470	6.51266185391864827e+00
471	6.31445008187754997e+00
472	6.31880138080813403e+00
473	6.61949241950070455e+00
474	6.36411075682789829e+00
475	6.39883494562595523e+00
476	5.86082206147614482e+00
477	6.63545083123117063e+00
478	6.41153837950006444e+00
479	6.51132220348893931e+00
480	6.28377617359979190e+00
481	6.20207797887021783e+00
482	6.13739296260435196e+00
483	6.73247229093819310e+00
484	6.46157723045492993e+00
485	5.78136471879827951e+00
486	6.10998207525446357e+00
487	6.63481155559417601e+00
488	6.26256464113791100e+00
489	6.36278498238898838e+00
490	6.41942460391958658e+00
491	6.48925594267988082e+00
492	6.67295299598925418e+00
493	6.51191459211624313e+00
494	5.99078835802565024e+00
495	5.93170791236691120e+00
496	6.76844250384947621e+00
497	6.49828365450901035e+00
498	6.25610559222165641e+00
499	6.05239185936748925e+00
500	6.69934057746632305e+00
501	6.59537647382352610e+00
502	6.31818257755338841e+00
503	6.40989572041967470e+00
504	6.02652727820226808e+00
505	6.32154900404607822e+00
506	5.69180657992315542e+00
507	6.02901062473273175e+00
508	6.37841614985492544e+00
509	7.04057909760887668e+00
510	6.31146219553700139e+00
511	5.90252381592771869e+00
512	6.57442711311115779e+00
513	6.54033828252666627e+00
514	5.77714106093501201e+00
515	6.66947338577182780e+00
516	6.05041399652994549e+00
517	5.91454415789042276e+00
518	6.71222077146220553e+00
519	5.72264352209515526e+00
520	6.32129924389181053e+00
521	6.19142904588269261e+00
522	6.41734330153818622e+00
523	6.05967504730098394e+00
524	6.58616720516879894e+00
525	6.23282459050201876e+00
526	5.99266845796882386e+00
527	5.86394043498018824e+00
528	6.37506948309591337e+00
529	6.26832595074419707e+00
530	5.79901414059077869e+00
531	6.19898060065930601e+00
532	6.59278999764176721e+00
533	6.46127000249093619e+00
534	6.19536320956533437e+00
535	6.26834730389011341e+00
536	6.10495612549445354e+00
537	6.33950084093097033e+00
538	6.27097392085349892e+00
539	6.16016145981583030e+00
540	6.05998209105933139e+00
541	6.65014314807051754e+00
542	5.90104349531205230e+00
543	6.09128924080437528e+00
544	6.28028446193303314e+00
545	6.16632085560143040e+00
546	6.30484800546694490e+00
547	7.06628157632728016e+00
548	6.33804304132403118e+00
549	6.31123414697445728e+00
550	5.49521289734200291e+00
551	6.35155098531152795e+00
552	6.58331284431544361e+00
553	6.40318722730593937e+00
554	6.77987285571129039e+00
555	6.11054009280333155e+00
556	5.88136504737098242e+00
557	6.72495731775937244e+00
558	6.06003683450601471e+00
559	6.44711511963958372e+00
560	7.10651978974616227e+00
561	6.08971543704128049e+00
562	6.05451623766296088e+00
563	6.28918252093912944e+00
564	6.41169156503489024e+00
565	6.61944721309694106e+00
566	6.47745317610995919e+00
567	6.43959845950434584e+00
568	5.82996160330424473e+00
569	6.23816789452305365e+00
570	6.41042078233369583e+00
571	6.42376026278333701e+00
572	6.70172256924795207e+00
573	5.80685364956767192e+00
574	5.78899154917054481e+00
575	5.80969383208323542e+00
576	6.27136316274768646e+00
577	5.92650210269555622e+00
578	6.40600409966225559e+00
579	5.95576020335864431e+00
580	6.10393162791556421e+00
581	6.83675276453109859e+00
582	6.48086892259983216e+00
583	5.66264070355410976e+00
584	6.59299340943700329e+00
585	6.53838363772187048e+00
586	6.92864853395509339e+00
587	6.40239561575506055e+00
588	5.95760015898975492e+00
589	6.19671559644262970e+00
590	6.32808347600981680e+00
591	6.56100659059116165e+00
592	5.80647244658479966e+00
593	6.58337608544052166e+00
594	5.89199793449003550e+00
595	6.14959070738005931e+00
596	6.24869777583755948e+00
597	5.78027380928041623e+00
598	6.33827349764253611e+00
599	5.45258529234819811e+00
600	5.91952154003561493e+00
601	5.91703289427479806e+00
602	6.29251235127589847e+00
603	6.35997952763440910e+00
604	6.85154402840609134e+00
605	6.67811163649759809e+00
606	6.85243121266529087e+00
607	5.95470466783367769e+00
608	6.22829641610935436e+00
609	6.11400816027098948e+00
610	6.05234078508124007e+00
611	5.66476543566061519e+00
612	6.01489193032804614e+00
613	6.24762227108072477e+00
614	6.71524059130757855e+00
615	5.42324811449690003e+00
616	6.06761820178796363e+00
617	6.22255090988327808e+00
618	5.99942783840990490e+00
619	6.50997504536443028e+00
620	5.62167633207522943e+00
621	6.47239409282590739e+00
622	6.60090448305406419e+00
623	6.50136078546835527e+00
624	5.99749293347101364e+00
625	6.54494701155805636e+00
626	5.91971704112981278e+00
627	6.37799381280688671e+00
628	6.54098365547213323e+00
629	6.83230457519958367e+00
630	6.78623513737919204e+00
631	6.02303854459848065e+00
632	6.31834348299429038e+00
633	5.82269854528581554e+00
634	6.69163183172550635e+00
635	6.32976332137741338e+00
636	6.06486763068189560e+00
637	6.72051663896181850e+00
638	6.77896830054269195e+00
639	6.54032052169702549e+00
640	6.23638901475033691e+00
641	6.20750258842363500e+00
642	6.43416596200027868e+00
643	6.47763319962207973e+00
644	6.20997537900111851e+00
645	6.37994418646332040e+00
646	6.22435939315453091e+00
647	6.84945110201153362e+00
648	6.72222954669864770e+00
649	6.33343751841156166e+00
650	6.56550520323088005e+00
651	6.35355501318966276e+00
652	6.70621360038649694e+00
653	6.10753500138287642e+00
654	6.06735139465955786e+00
655	6.87527269361431337e+00
656	6.67521987476947043e+00
657	6.08145423879962266e+00
658	5.97136003804676285e+00
659	6.61992822415936821e+00
660	6.60229393680538035e+00
661	6.34429198215176271e+00
662	5.70540186194791232e+00
663	6.25810444066186289e+00
664	6.62060896358531714e+00
665	5.86937333412666895e+00
666	5.98227763812644309e+00
667	5.94497922505596943e+00
668	6.24631016560139685e+00
669	6.23296954018150640e+00
670	6.24410058916461619e+00
671	6.22519400441122261e+00
672	6.06191157615420906e+00
673	6.46230753554477122e+00
674	5.37319496913453598e+00
675	6.50282763199718250e+00
676	6.43602889504907694e+00
677	6.57899777472641212e+00
678	6.26454174455833801e+00
679	6.12604409537153050e+00
680	6.23765141082148844e+00
681	6.12851814320845723e+00
682	6.47714174402940124e+00
683	6.83140894336919313e+00
684	6.52462989779619384e+00
685	6.43830570922553669e+00
686	6.28502868721766994e+00
687	6.03641117861080456e+00
688	5.61992863774355378e+00
689	6.35302720986614666e+00
690	6.59676247861632969e+00
691	5.98858497627719544e+00
692	6.72775092869536362e+00
693	5.76111581897925529e+00
694	5.92216779236386781e+00
695	5.84901534578430482e+00
696	6.38346961340905494e+00
697	6.71354282593069129e+00
698	5.83584371419224635e+00
699	6.48823204977325840e+00
700	6.62041520611548329e+00
701	6.86266473337162619e+00
702	6.56456504493714732e+00
703	6.51812002163193149e+00
704	5.86517944296286142e+00
705	6.33615192439729835e+00
706	6.49477210022330897e+00
707	6.26687910777777724e+00
708	5.99979555872589998e+00
709	6.43706940730977450e+00
710	6.24126724795341126e+00
711	5.95184713553274936e+00
712	6.21706414521739337e+00
713	6.36048987584279413e+00
714	6.31879914733630432e+00
715	6.31152472465130376e+00
716	6.30362648280166038e+00
717	7.07293790357501262e+00
718	5.78933037701337305e+00
719	6.20925952806058934e+00
720	6.37743340820594096e+00
721	6.15180793777127022e+00
722	6.64717365175990782e+00
723	6.51468706596847280e+00
724	6.38460703949237462e+00
725	6.45463038688717550e+00
726	6.24194387726490696e+00
727	6.35171564347011319e+00
728	6.23079497274024607e+00
729	6.09927073849926860e+00
730	6.37726946439263376e+00
731	6.26159692979115068e+00
732	6.13293747005199208e+00
733	6.19557857763579367e+00
734	6.04399942954003233e+00
735	6.75562510645455028e+00
736	6.06111814427650408e+00
737	6.66381216349709593e+00
738	6.16737790446714307e+00
739	6.56102235077038021e+00
740	6.64165688372993746e+00
741	6.41191298241593799e+00
742	5.90073760858555474e+00
743	6.22339315289990491e+00
744	6.50217588192125984e+00
745	6.26784733707779651e+00
746	6.29930684961855469e+00
747	6.17503395437000346e+00
748	6.10942962348862739e+00
749	6.08397256074111414e+00
750	6.19195044395041894e+00
751	6.60718570958283546e+00
752	5.77740648316759042e+00
753	6.13525845325410213e+00
754	6.00404656829432692e+00
755	6.09929488282250443e+00
756	6.51087022262654269e+00
757	6.48730695618471831e+00
758	6.33756352364722897e+00
759	6.29581168098162625e+00
760	5.95135368257337838e+00
761	5.79320290987797470e+00
762	6.05794312681062053e+00
763	5.83966193203275363e+00
764	6.54290836375510843e+00
765	6.08760190790426403e+00
766	6.21212984475564234e+00
767	6.38765395070996611e+00
768	5.94486756335465660e+00
769	6.29029952599860742e+00
770	6.21720213245685027e+00
771	6.30634785982848101e+00
772	6.76029535922301239e+00
773	6.38751046293433333e+00
774	7.17483131170091948e+00
775	6.03914702831723815e+00
776	6.38051191253418093e+00
777	5.67792017246706582e+00
778	6.88585257071839596e+00
779	6.32097556941991812e+00
780	6.48792807472850797e+00
781	6.17742193883973822e+00
782	6.61584716139699935e+00
783	6.13915955916868139e+00
784	6.58695900106857835e+00
785	6.29423544706540827e+00
786	6.13327446464701342e+00
787	5.98540039273758140e+00
788	6.09235715236991826e+00
789	6.11742353086307311e+00
790	6.15696324458031796e+00
791	5.88014284476624383e+00
792	6.70400875471560909e+00
793	6.15448331008607585e+00
794	5.92365253495371924e+00
795	6.06014398911301555e+00
796	5.78920174349705441e+00
797	6.23141372273387883e+00
798	6.28901745184929961e+00
799	6.17907832820329528e+00
800	6.54942483018210009e+00
801	6.32182709531948195e+00
802	6.49081658258494354e+00
803	6.30861080652022732e+00
804	6.74255668157371169e+00
805	6.02598019807677421e+00
806	6.00533683298040799e+00
807	5.99539156965659359e+00
808	6.13059504895093266e+00
809	6.49028253143578571e+00
810	5.91846139343712796e+00
811	6.10163185941991504e+00
812	6.69057346651769436e+00
813	6.10613876538860723e+00
814	6.42617348176461345e+00
815	6.14723966395880250e+00
816	6.20703538315251890e+00
817	5.82255955526729263e+00
818	6.10893670216030760e+00
819	7.21454664619227959e+00
820	6.47372457562045689e+00
821	6.61760033050071161e+00
822	6.29369562039493857e+00
823	6.07207565452427733e+00
824	6.73566912028176201e+00
825	6.19862593791636218e+00
826	6.54815309466477657e+00
827	5.67943403667336888e+00
828	6.35633305197339116e+00
829	6.26534319516039329e+00
830	6.19026892199806600e+00
831	6.94679731486311081e+00
832	5.99629643747858943e+00
833	6.18759526252553371e+00
834	6.13622991253303951e+00
835	6.39489907211742814e+00
836	6.36061639473539042e+00
837	5.90829614989084995e+00
838	5.92497439243295521e+00
839	6.50037359525607350e+00
840	6.50190896859923129e+00
841	6.74091209311468198e+00
842	6.52949426448059977e+00
843	6.66414850524647395e+00
844	5.68485741304930414e+00
845	6.01196922813647650e+00
846	6.29571943907049469e+00
847	6.60745138974195712e+00
848	6.98975146956502780e+00
849	6.36210006542550577e+00
850	6.21734883296865171e+00
851	6.26458641866600274e+00
852	5.95870812034161279e+00
853	6.10942461067811404e+00
854	6.01637625017561462e+00
855	6.34783873625101425e+00
856	5.57271951683006961e+00
857	6.20498088957386518e+00
858	6.55168713031715644e+00
859	6.09073855246358242e+00
860	6.37928667158681773e+00
861	6.16036780429389985e+00
862	6.26688485838889164e+00
863	6.60749257613160612e+00
864	6.07260183290558331e+00
865	7.10290862131094425e+00
866	6.28393106336643648e+00
867	6.23644442357127460e+00
868	6.30842032312744116e+00
869	5.65818302763667802e+00
870	6.40192021541365541e+00
871	5.62983356491923015e+00
872	6.46083217608114069e+00
873	5.81589154474765380e+00
874	6.56262828927589581e+00
875	6.10112405088542697e+00
876	6.68096854040342247e+00
877	6.30154716928522252e+00
878	6.61424958600052282e+00
879	6.24969520634806486e+00
880	6.35240074713843494e+00
881	6.04949420257351456e+00
882	6.34437962406100997e+00
883	6.44843344345234293e+00
884	5.83613557320277643e+00
885	6.21534949688024341e+00
886	5.65307604380366335e+00
887	6.34192833737723216e+00
888	6.52287696552822993e+00
889	5.87515344884935420e+00
890	7.09264168308504672e+00
891	6.18923321194313125e+00
892	6.43771514988343352e+00
893	6.00897763641589933e+00
894	5.97485942416775906e+00
895	5.89629631676686472e+00
896	6.47560897776327327e+00
897	6.29602339983744841e+00
898	6.53681985535810828e+00
899	6.66660970720996371e+00
900	5.74973784074176120e+00
901	6.40016899283749297e+00
902	6.45484706282046083e+00
903	6.50687999713655696e+00
904	6.48687225130351219e+00
905	5.52609261777316618e+00
906	6.59151426769213611e+00
907	5.79860835820423670e+00
908	6.42326338710309486e+00
909	6.10195677771902734e+00
910	6.40771477589475680e+00
911	6.53706167391663850e+00
912	6.37787315168030577e+00
913	6.35644918685480054e+00
914	5.50419426761306418e+00
915	6.52942488604981541e+00
916	6.15015103756235426e+00
917	6.64441162674317543e+00
918	6.07499231322271793e+00
919	6.93482084621026829e+00
920	6.11897273926185914e+00
921	5.92245950292370260e+00
922	6.70191292521253512e+00
923	6.42997751824548214e+00
924	6.33803193078923321e+00
925	6.05289181461378956e+00
926	5.69304745876287566e+00
927	6.22886698658513804e+00
928	6.32064762284284853e+00
929	6.52368192950353887e+00
930	5.79440648475278408e+00
931	6.25775046868717055e+00
932	6.52522407332887511e+00
933	5.83714271582864175e+00
934	6.97244152861427580e+00
935	5.76454925437394738e+00
936	6.81416886550962442e+00
937	6.18294263214232842e+00
938	6.07625392135834641e+00
939	6.24820471029840974e+00
940	5.76258077681034653e+00
941	5.96557106720642860e+00
942	6.62237091962756175e+00
943	6.38355268993993707e+00
944	6.39470876431967916e+00
945	6.31843869633354505e+00
946	6.46166693831776495e+00
947	6.25417867900053182e+00
948	6.03077159263555451e+00
949	6.55242214671811141e+00
950	6.56592150132075592e+00
951	5.82915696850649745e+00
952	6.45807840826660406e+00
953	6.38127207625219572e+00
954	6.23477143256844446e+00
955	6.38952437994390010e+00
956	6.36139482241710930e+00
957	6.13208491129549671e+00
958	6.46000247184715892e+00
959	6.28298192219940610e+00
960	6.28028706340585252e+00
961	6.57618732124840744e+00
962	6.43615225159213722e+00
963	6.03079747814447753e+00
964	6.67952455527332312e+00
965	6.16242036256675974e+00
966	6.08211401620220471e+00
967	6.52855001982292382e+00
968	6.17740683084475162e+00
969	6.38213024170382948e+00
970	5.98340023274893529e+00
971	6.68130047689960005e+00
972	6.04645238644532057e+00
973	6.21378624745193431e+00
974	6.83042008282603774e+00
975	6.73830184015281475e+00
976	6.17432979311874686e+00
977	6.13815161410831589e+00
978	6.07018701100777935e+00
979	5.93025620653818919e+00
980	6.00415252061602889e+00
981	6.26744123990001167e+00
982	5.87801847772732877e+00
983	5.97681949711926830e+00
984	5.88937258864905289e+00
985	6.05479752764332879e+00
986	6.19698024208354514e+00
987	6.46279844759673416e+00
988	6.15354864230556853e+00
989	6.36662177182636313e+00
990	5.74401304453573136e+00
991	6.74313731090139701e+00
992	6.23764494077540554e+00
993	6.65654202665392702e+00
994	5.80851322573796036e+00
995	6.33915543925178770e+00
996	5.66314295547863455e+00
997	6.28618186236610743e+00
998	6.07349593143294797e+00
999	6.25545411566854614e+00
1000	6.12884652275766140e+00
