1	-1.44124576276727479e+00
2	-3.46987163562555323e-01
3	-4.22811331316957584e-01
4	8.90435553971257288e-01
5	-8.71456526768037559e-02
6	-1.09328688382065900e-01
7	-4.37769597286555082e-02
8	8.36972746096175668e-01
9	-3.11777170795823844e-01
10	-6.43789771183125414e-01
11	9.34276627951324407e-02
12	2.38611427845774160e-01
13	-8.48258623636009013e-01
14	-6.61079881754899290e-01
15	-1.02761220417163665e-01
16	-2.78015227110328000e-01
17	-1.09856167991728371e-01
18	-4.60706731240238143e-01
19	-2.34218162502760271e-02
20	-4.74458090775967678e-02
21	2.02411024389821059e-01
22	9.13788545809393504e-01
23	-2.11814552926344768e-01
24	1.00352784019168417e-01
25	-6.49902089784161197e-01
26	2.52589068489432744e-01
27	-1.52310667615889350e-01
28	1.60559812309321315e-01
29	3.85620063370702815e-01
30	-1.10333171787174195e-01
31	-4.05964967939300703e-01
32	-4.41435146337581796e-01
33	-4.35940825138447285e-01
34	-1.03810953394223845e-01
35	-4.55129838884068050e-01
36	1.02085874222636583e-01
37	3.30720013641180532e-01
38	-6.35851482206192253e-01
39	7.72957222054671100e-01
40	1.27603708751780243e+00
41	-8.66578555445877807e-01
42	2.40510175919171378e-02
43	2.75211796670702780e-01
44	-4.85981997271705990e-01
45	1.53194538916216511e-01
46	5.26531322090213805e-01
47	5.24642554113402104e-01
48	3.15191327945891608e-01
49	-5.50426005178999200e-01
50	3.21479625324869525e-02
51	-4.22363016278532177e-01
52	-1.31907602723971817e+00
53	3.05266446541270442e-01
54	-4.97161828959820015e-02
55	-3.15236373236260289e-02
56	-5.76062187158321470e-01
57	-5.58445704634190521e-01
58	1.38665824261427623e-01
59	-1.07100262420383441e+00
60	3.17724516338832641e-01
61	-1.16917201066870952e-01
62	1.74145079991187224e-01
63	7.97455205166353598e-01
64	9.20250448394805964e-01
65	-9.72144856917936950e-01
66	-7.17441400775875593e-01
67	-6.10590609561475706e-01
68	8.05098456562311382e-01
69	-2.85783368756991785e-01
70	-3.07191074060129521e-01
71	3.94733092006249231e-01
72	-1.20605837876189770e+00
73	-2.47925803844481402e-01
74	4.68983943795777958e-01
75	-2.38253770117028141e-02
76	-2.98027538545236836e-01
77	1.87371018560223458e-02
78	-7.03500987742185724e-01
79	-5.36640105531774547e-01
80	2.17108321497157364e-01
81	-5.51233557958661580e-01
82	-4.86223112204258512e-01
83	-8.54338106717513091e-01
84	-1.36816907072599386e-01
85	4.93880615089600850e-01
86	-1.13904041556609203e+00
87	1.46125356028592834e-01
88	-2.27937396007203391e-01
89	4.26640932712719287e-02
90	7.73309028467681014e-01
91	-2.56389481633200189e-01
92	1.95587001415684747e-01
93	6.47641762805627796e-01
94	5.79928942505062994e-01
95	-7.13328654047003852e-01
96	7.88225708075415921e-01
97	-6.62896256483952007e-01
98	-5.99703535368503626e-01
99	6.83333137045875283e-01
100	-2.44782881565972277e-01
101	-2.55780221338890057e-01
102	-3.28580974920115565e-01
103	4.32126857215258509e-01
104	1.95495819948174804e-01
105	1.04949733269456957e-02
106	5.79966570206786547e-01
107	-8.81748064917232122e-01
108	1.31542571274755354e-01
109	1.82819293059566262e-01
110	3.46834819763336855e-01
111	-2.29059910072879125e-01
112	9.92810560756179128e-01
113	2.49550137466307942e-01
114	-1.77720510937881992e+00
115	8.49967331292992151e-02
116	5.00885889769433268e-01
117	-4.91597105915364929e-01
118	1.30466143741828144e+00
119	-9.53476099797683330e-01
120	4.08253599756036367e-01
121	-3.93394665150001099e-01
122	4.29085223687483197e-01
123	2.31935069916840375e-01
124	6.80768143711753537e-01
125	-7.50151427895573847e-02
126	-2.44488836625815970e-01
127	-1.15796044731466141e+00
128	6.02561294200076314e-01
129	1.54768836134293220e+00
130	-2.74560334649358861e-01
131	-2.16323387711604087e-01
132	-2.49202463850653089e-01
133	5.52604514501482513e-01
134	-6.23971767068961403e-01
135	-9.83384932512335747e-02
136	4.90017899584102079e-01
137	-1.40548971040166532e-01
138	2.35099152493678104e-01
139	-9.06735410287866639e-01
140	3.89719678149674231e-01
141	-7.04850089228414189e-01
142	-4.82394761711111175e-01
143	-6.46377817042531388e-01
144	-5.57616800955214154e-01
145	6.37516452930462912e-02
146	2.64783215290174512e-01
147	-1.55874969922368489e-01
148	3.65600486253611287e-02
149	-7.67049927180294855e-01
150	-6.62833384661459663e-02
151	3.49883925988152211e-01
152	9.94626623332159565e-01
153	1.44910657941265449e-02
154	1.48403308352778596e-01
155	2.74720905852986308e-01
156	-1.60093687959485836e-01
157	8.81389636951288136e-01
158	3.35281539829067554e-01
159	6.50500407784416645e-01
160	-3.03902916282649482e-01
161	2.85426687454069905e-01
162	-2.77182658635837020e-01
163	3.54565050500806667e-01
164	7.00106986211767701e-01
165	-4.68824056491938701e-01
166	1.35229686120766940e-01
167	3.95385291915180737e-01
168	5.59551785090516788e-03
169	3.57306487619514390e-01
170	3.37946545026234779e-01
171	1.35305430814890854e-01
172	-5.05001762447787494e-01
173	3.22207495083176518e-02
174	-1.25651059705697010e+00
175	-3.25806261215276949e-01
176	-3.67874257778123603e-01
177	8.06949726799468747e-01
178	-8.83200131238849218e-01
179	-7.01507992200668500e-03
180	4.62460818426724873e-01
181	-2.84758147340248124e-01
182	-1.16087941459131053e-01
183	-1.22042220062432094e-01
184	-2.74048486436548444e-01
185	-3.23755439853303406e-01
186	-2.88150058611130466e-01
187	-3.09039917528489083e-01
188	-5.27622794227087577e-01
189	3.50196919545617769e-01
190	-4.89044936443449652e-01
191	-6.06547563607217732e-01
192	-1.23677023410095246e-01
193	-2.25002830701244050e-01
194	-1.19809336031022909e-01
195	-4.52383284874677050e-01
196	8.13344893726913138e-04
197	1.20060486530181046e-01
198	-1.31369686963333718e-03
199	6.40778594716352734e-03
200	-2.00655011138199425e-02
201	-2.64071926856174533e-01
202	7.33544905839809802e-01
203	6.51644767535989100e-01
204	4.22074446586869989e-01
205	2.52775749651650561e-01
206	2.77383035857115878e-01
207	-7.14768766970757308e-01
208	-3.02016713222006405e-01
209	7.35705253038127283e-01
210	-4.22259013941260197e-02
211	-1.11267950161968623e-01
212	1.08149933412530164e+00
213	5.02494418976044854e-01
214	-4.33559643439242304e-01
215	-6.79001827974491795e-02
216	3.71352213840542122e-01
217	1.11398415261213524e-01
218	-7.73217159800005382e-01
219	3.67232627873399942e-01
220	-2.33865935633755906e-01
221	3.36237599456688685e-01
222	-6.42826282391632531e-01
223	-9.44145408363781108e-02
224	-5.44602341262641954e-01
225	6.68611698834272739e-01
226	1.56385619531975335e-02
227	5.12507239716593274e-02
228	-2.58498179937810435e-01
229	-9.21795008395133592e-02
230	-1.64017952314472915e-01
231	-5.84791197962711728e-01
232	5.97328569011709387e-01
233	7.47404064236623228e-02
234	5.99439749435722757e-01
235	7.46384567987694370e-01
236	-4.78754842978634854e-01
237	2.70593904396137841e-01
238	3.42764853719626394e-01
239	3.59009504779678024e-01
240	6.36865602569100964e-01
241	-2.91820610375667366e-01
242	-5.46794938140448106e-01
243	1.12378926668594226e-01
244	-1.13739960620225999e+00
245	7.31768473833908417e-01
246	-1.35510531280610524e-01
247	-2.68179759891480018e-01
248	-1.95850040513043833e-01
249	4.18672272096262399e-01
250	-3.06616233244344089e-02
251	-9.27651338971116624e-01
252	-1.90675653556455271e-01
253	1.07088487841856830e-01
254	6.84789230579413100e-01
255	-5.00799906369581493e-01
256	-1.18761127642948039e+00
257	6.89190797607959205e-02
258	-1.07785548062465972e-01
259	-7.47275689955363087e-01
260	-1.08955789576151152e-01
261	-1.82680563528613504e-01
262	-1.05618232111819110e+00
263	-1.47660385585510173e-01
264	-3.62626931791809715e-01
265	2.08485868896894411e-01
266	-5.19921222624646795e-01
267	2.78757715855781574e-01
268	-8.24780103484371252e-01
269	1.72793523781703366e-02
270	-4.97990825158587558e-01
271	4.90357188653926135e-01
272	-1.55682786187877398e-01
273	-1.12829515631582122e+00
274	5.94391289130625555e-01
275	4.63017565873168668e-01
276	1.77475728722485931e-01
277	-9.22805720398202634e-02
278	3.40763180005585142e-01
279	1.37944240029141268e-01
280	3.69861506841667520e-01
281	-4.52659107654185877e-01
282	-7.99889726578167148e-01
283	-8.00206383978960933e-01
284	-7.08797885037231623e-01
285	1.53459004803719684e-01
286	-6.85089334092721658e-01
287	2.31557771298758264e-01
288	-3.04868599453016198e-01
289	-4.96333579232897448e-01
290	-9.15613752532814185e-01
291	-1.51762825771855653e-01
292	6.27135807618048435e-01
293	8.39777052947743408e-01
294	-3.20780466069871928e-01
295	4.40214336430075293e-01
296	7.29563134223535026e-01
297	9.17099041991911168e-02
298	-2.45218954207213208e-01
299	-3.15766256285789415e-01
300	-9.16262709069342374e-01
301	-1.01780203957876747e+00
302	6.34829784246356499e-01
303	-2.43037225325810208e-01
304	-4.82312272784510943e-01
305	-7.54978853639959091e-01
306	-1.27006536265771675e+00
307	-9.48313870606889153e-02
308	-2.32099106967237317e-01
309	-1.05999698112320434e-01
310	1.49589825433064103e-03
311	-1.82447618641366660e-01
312	1.03848364280810812e+00
313	4.80175474309500527e-01
314	3.81187226833734794e-01
315	-7.38771452301517306e-01
316	5.75501149147194108e-02
317	7.50757709463171219e-01
318	5.56615102698856945e-01
319	-5.27991135079565077e-01
320	5.61802463309766464e-01
321	2.21533501872937633e-01
322	5.94988551517668940e-01
323	1.86019952743630701e-01
324	6.88600060368677935e-01
325	1.00476535302964826e-01
326	-3.82263125168447793e-01
327	4.55262167791886330e-01
328	-6.36361574452097845e-02
329	4.99240440078928607e-02
330	-7.64406220048795437e-01
331	-3.40735622566832153e-01
332	-5.03852252691643909e-02
333	-9.90246610591236642e-01
334	-4.01233960681558977e-01
335	-2.10169747274528668e-01
336	6.15318950145742755e-02
337	-2.39480079391869050e-01
338	5.11520377766191747e-01
339	4.18748844350998961e-01
340	-7.19642364824130965e-02
341	1.09903629190120666e+00
342	6.53474092690170955e-02
343	-4.78929249514206568e-01
344	-4.04429958495292480e-02
345	-1.24449970679520253e-01
346	2.26585344234455296e-02
347	-4.70639631074586229e-01
348	1.22494091208028857e-01
349	-1.05020171956707722e-01
350	-2.11115510758200758e-01
351	1.08007991428680761e+00
352	1.47863134690654285e+00
353	2.46632182147412726e-01
354	-1.75493819079522273e-01
355	3.30843531751949749e-01
356	-2.35848302377572261e-01
357	-4.88426887252902467e-02
358	-5.57836359483675381e-01
359	1.73294326677656089e-02
360	-6.55844344226000076e-02
361	-2.33597622085325973e-01
362	5.42932378700873963e-01
363	1.17086072232816044e-01
364	3.15871274270324687e-01
365	-6.01562110497166125e-01
366	-4.01561681419971339e-01
367	1.62066242903537050e-01
368	2.66923988176474336e-01
369	2.89167840404873533e-01
370	-3.51738605716256980e-01
371	-3.88508232695462044e-02
372	-1.87064667348331909e-01
373	1.72349026086815349e-01
374	8.34056424471840002e-02
375	1.22665465173169297e+00
376	-4.15439731837429049e-01
377	-6.08419956967690828e-02
378	3.03061004633528253e-01
379	6.10854116074716735e-01
380	4.85303840018153576e-01
381	-2.84895884961770041e-01
382	-6.08130358265345339e-01
383	-4.98029139973937496e-01
384	1.68653464137790310e-01
385	-3.78645046900598636e-01
386	4.07683536640504190e-02
387	4.37188463844246866e-01
388	9.60896022888116375e-02
389	-8.18274024199753813e-02
390	-8.30460696700641376e-01
391	-1.95746408523043897e-01
392	-1.05721999894272178e+00
393	3.99265705422516770e-01
394	-7.15204321665622271e-05
395	1.04765470202207234e+00
396	-3.28794967754985845e-01
397	-7.56684132325878278e-01
398	-4.07476823104956587e-01
399	-4.98094447900737147e-01
400	9.89079403819569658e-02
401	1.73875390454185430e-01
402	6.31957998252057007e-01
403	-4.61303203310237941e-01
404	6.90051964902057835e-02
405	3.73996560968066605e-01
406	-7.48212438537930069e-01
407	-7.64083843753094349e-01
408	1.41676515769063399e-01
409	-2.80150971488957456e-01
410	3.13051897295577142e-01
411	3.58819024028125891e-02
412	-2.83541676015226438e-02
413	6.74433949976179670e-01
414	-4.44605853458008238e-01
415	3.33715724986574092e-01
416	8.95484573521874855e-02
417	7.19372597540289399e-02
418	9.96768387909398035e-01
419	5.58928015155767066e-01
420	-4.17291480093116063e-01
421	3.55797701265098631e-01
422	1.76789726148669474e-01
423	4.42652727725555140e-01
424	4.04465634890413983e-01
425	-4.91062526117602094e-01
426	-1.05780441770000469e-01
427	-3.22202388086069436e-02
428	2.32839584936110455e-01
429	-7.12936701248719440e-01
430	-3.36219922309349439e-01
431	-4.11124134560078236e-01
432	4.88896902718675752e-01
433	1.90194193586839810e-01
434	4.80615557757875123e-01
435	-6.57726381630058032e-01
436	1.67116867632904703e-01
437	-1.20615587651697428e-01
438	-3.08052130038141470e-01
439	-1.03377418132326912e-01
440	-2.61853068377427278e-01
441	-2.39652653811814609e-01
442	2.32516402878434114e-01
443	4.66908802566846304e-01
444	2.85956289177137724e-01
445	-5.48274424535002747e-01
446	8.44557837041835069e-01
447	1.96252458344113284e-01
448	-2.23800481850998045e-01
449	-2.12791742571389692e-01
450	3.81702903261408322e-01
451	-1.71780322902125200e-03
452	3.38677142677302534e-01
453	7.63936485087147621e-01
454	1.02273721999260991e+00
455	-9.75252764731587285e-01
456	1.61965351123969536e-01
457	6.18728425958361694e-02
458	6.34747931289782602e-02
459	-1.50386888944993719e-01
460	-2.79866381319855521e-02
461	-3.96687478603188370e-01
462	3.76318166010700006e-01
463	7.92234390002705680e-02
464	1.74957207285885097e-01
465	7.48734958382655802e-01
466	3.77194826538596872e-01
467	2.80115227892694219e-01
468	-1.61596560399885708e-01
469	2.04346978115136135e-01
470	7.09211985122616295e-01
471	3.50810540106559071e-02
472	1.01440655405371893e-01
473	-3.65667149500677358e-01
474	-3.55871198466788524e-02
475	-9.85776797690860601e-02
476	3.42528634003172405e-01
477	9.83294336932237556e-01
478	-4.94731694877380890e-01
479	7.81832409714518783e-02
480	-6.20321225756615524e-01
481	-9.60304821204934100e-01
482	2.97769032869039885e-01
483	8.35185708515176595e-01
484	-6.94841471372303454e-01
485	8.56219024713229304e-01
486	-4.55728569078967471e-01
487	-5.02963104570570904e-02
488	-9.65733199556496336e-02
489	3.60327224109578056e-02
490	3.06950275329194944e-01
491	-5.79730106356716068e-01
492	5.17124772629797280e-01
493	-1.22083678019520736e+00
494	2.37443591433849771e-01
495	2.61167364480653252e-01
496	-7.84290343592252900e-03
497	-2.97691934993971896e-01
498	1.08939469271656902e-01
499	4.61546012483608104e-01
500	4.18708911726580313e-01
501	4.88523279582688930e-01
502	1.04645713094917978e-01
503	-2.41420237304519142e-01
504	-1.00659550199538828e+00
505	-6.57221324483423408e-01
506	-3.51123387443981805e-01
507	5.10917415525655394e-01
508	1.53700266033048871e-01
509	-1.05986286485252407e-01
510	4.67313510364676554e-01
511	3.41116384155946084e-01
512	-5.03391291947589692e-01
513	-4.06137383356839854e-01
514	-6.68081651583417480e-01
515	-7.32895797508576918e-01
516	-3.79046714904656745e-01
517	-2.98666591368073775e-01
518	2.40306559290463628e-01
519	-1.10222653303805185e+00
520	3.49709223805410585e-01
521	-5.71637595195520265e-01
522	-1.18445822601019657e+00
523	2.38521711535956721e-01
524	-3.13807649453461623e-01
525	2.97623915961741092e-01
526	-1.03609163852240987e-02
527	-1.78789352160761056e-01
528	-1.47016978177007984e-01
529	-4.34610081287762295e-01
530	7.38600640433857980e-01
531	-1.62887540702164990e-01
532	-7.04997906856807272e-03
533	5.70029675822247839e-01
534	-1.04438786864752187e+00
535	-9.67321487607111091e-03
536	2.13660592187670556e-01
537	-9.13432890046436907e-01
538	3.73740245439588725e-01
539	-1.26058154587689181e-02
540	-7.95353752363017974e-01
541	2.09581934345287962e-01
542	4.32858032677597815e-01
543	1.84181268266531112e-01
544	1.75724245183180389e-01
545	-2.63791755221397473e-01
546	-5.01109799581255344e-01
547	3.61793716079814309e-01
548	-4.57806602657528816e-01
549	-5.52688833002229901e-02
550	-2.05518067982713160e-01
551	-5.26727278540098487e-01
552	1.86131679056001864e-01
553	-6.40171890022518730e-01
554	-7.46480382770307704e-01
555	5.84428005647165238e-01
556	5.42547937989430240e-01
557	2.78496445465778786e-01
558	3.80501857838321855e-01
559	-1.10774017205011524e-01
560	-3.95561808032709017e-01
561	2.16889083808122329e-01
562	-3.12598929176818197e-01
563	-7.59341060590294936e-01
564	-1.11325978377587864e+00
565	5.87317432329019593e-03
566	4.13018303271044163e-01
567	8.15681140562968254e-01
568	4.73477385717759949e-02
569	6.59425192849208863e-01
570	-6.04566316097695289e-01
571	-2.37955464150887114e-01
572	2.66013166581438365e-01
573	-4.07350271180159151e-01
574	-8.38767557115026374e-01
575	-9.01776921485555438e-01
576	-9.49942166581763531e-02
577	-6.25643757675533818e-01
578	-8.95481094852032089e-01
579	-6.40565450877664033e-01
580	2.18882118115343277e-01
581	3.85005723733857663e-01
582	-6.47709146617366560e-01
583	-7.71989416347480639e-01
584	6.93916957449218108e-01
585	-1.06308289282853047e-01
586	2.39194258791021463e-01
587	-1.28195588414998868e-01
588	1.27575215428564120e-01
589	1.14221114502300630e-01
590	4.10002772792840420e-01
591	-2.55526818768449127e-01
592	5.43044433241567370e-01
593	-2.91270309878498113e-01
594	6.56810215109308732e-02
595	5.13758472460659268e-02
596	1.38256262624628223e+00
597	4.29024654063376976e-01
598	3.56673044157964581e-01
599	7.32506473818915982e-01
600	6.56268724038106432e-01
601	2.89177929680844437e-01
602	-4.52044426407162581e-01
603	4.62471720748953263e-01
604	1.43911382449726163e-02
605	4.93447330093947589e-01
606	1.45297720754093695e-01
607	8.72667360475523624e-01
608	-4.55533052479455081e-01
609	1.02165782697402480e-01
610	1.66764540552695351e-01
611	-1.15992915356589532e+00
612	-7.53604867488847086e-02
613	2.25062420629474291e-01
614	-3.43713413571967941e-01
615	9.33011243647255267e-02
616	3.10822023832506067e-01
617	2.01158300826642274e-02
618	-7.13350552716487396e-02
619	2.87680827354066193e-01
620	-9.17269603249087795e-01
621	-1.34058345551365476e-01
622	-9.69340459720256509e-02
623	7.01992337585740367e-02
624	7.39726412268443823e-02
625	3.92369066861706778e-02
626	9.67280543496395362e-01
627	-2.80877236645735440e-01
628	7.09669611266113165e-01
629	3.42310873092745327e-01
630	2.97503606023949929e-01
631	-3.75116430928323252e-01
632	1.09295006247650428e+00
633	-8.69004312903738474e-01
634	3.31183924823591824e-01
635	8.20862484492098365e-02
636	1.31460847162197925e+00
637	-9.26304444104413149e-01
638	-7.14898498304126079e-02
639	-9.40407427320127109e-02
640	-8.11122258638014459e-01
641	-2.66121865997824114e-01
642	1.19640090861398929e+00
643	6.28802056117448549e-01
644	9.93264713293985357e-02
645	5.26419516284898026e-01
646	-6.36543745109789283e-01
647	2.13293458858526686e-01
648	7.49293750811372700e-02
649	-1.43750303225646386e-02
650	1.41523276135505888e-01
651	-2.36444640658677735e-01
652	3.00353784004206044e-02
653	-2.33115847168612417e-01
654	9.10895801428707519e-01
655	-4.08784953539743402e-03
656	2.44886590858406916e-01
657	5.28138597429729684e-01
658	1.33876321983198293e-01
659	1.68032178525421627e-01
660	-7.30245080434538396e-01
661	-4.77630443874406896e-01
662	-2.97632852754187383e-01
663	-1.14781947568337747e-01
664	-1.32107602707908867e+00
665	-3.48201050891437491e-01
666	1.35386929905972564e-01
667	5.03316523805004828e-02
668	9.05129113558228227e-01
669	1.98452878756857132e-01
670	-5.28279844157307887e-01
671	3.93248762739808078e-01
672	5.42854419197399962e-01
673	-2.36988224491406468e-01
674	3.53973143217683028e-01
675	4.46079027763805924e-01
676	5.74344398788568355e-01
677	4.55349340943659864e-01
678	-2.31850252351323893e-01
679	6.51922576111237051e-01
680	3.66987576382110436e-01
681	-6.74973774535376214e-01
682	-6.11692983343453886e-02
683	-4.25849131442153639e-02
684	1.48371295317696161e-01
685	-7.32853948422390933e-01
686	8.74817621477286700e-01
687	2.66625708687773966e-01
688	4.63913444856964285e-01
689	1.57223600878872161e-01
690	1.00425746508541103e+00
691	-3.33181697182286796e-01
692	3.45544067934371979e-01
693	9.46986641226557513e-01
694	1.64122997905995577e-01
695	5.43614837852299582e-01
696	-5.77931928122643823e-01
697	-7.42385916677669178e-01
698	3.75134799472035374e-01
699	-5.33472262236326517e-02
700	-1.19006842613088928e-02
701	3.06322991984849580e-01
702	-7.87932162848905326e-01
703	4.97114746901221372e-01
704	-1.79668268251638785e-01
705	1.14863557062666044e+00
706	-1.62267371320196663e+00
707	4.90283897689853643e-01
708	-1.27573439526404431e-01
709	-1.91800529892750593e-01
710	7.91774930481475736e-01
711	-1.12950045652457878e-01
712	2.20743781609135825e-01
713	-1.18598625701130334e-01
714	8.74318230962042531e-01
715	1.92495963282843380e-01
716	-9.24003572451076671e-01
717	1.18098876083030646e+00
718	-6.23687103824036915e-01
719	1.75844342223538064e-01
720	7.65965928478159364e-01
721	-1.21913423181349387e-01
722	-6.83615478097363560e-02
723	3.76701892311080699e-02
724	8.08835415015380921e-02
725	3.05015082519361935e-01
726	1.61252703162840599e-01
727	-3.48052271020836634e-01
728	4.70884831099339263e-01
729	2.74252124041724055e-01
730	-4.75339719354551493e-01
731	1.17837051090578598e-01
732	4.99974302896266432e-01
733	5.27254685704081516e-01
734	5.76607108776991742e-03
735	-2.64842008740993784e-01
736	-8.61412575939318303e-01
737	-2.98680116057078171e-02
738	-5.03309859034228979e-01
739	2.28206344445010978e-01
740	-6.52051469867320321e-01
741	-2.17708965714339037e-01
742	-4.88764037771003634e-01
743	-6.65885791071323285e-01
744	6.82410762758433265e-01
745	-5.45521605535990051e-01
746	-4.99948776401180017e-01
747	5.61727058443428851e-01
748	7.94093693548305390e-01
749	4.68911284672203332e-01
750	3.62075382435069482e-01
751	-7.69508614862753570e-01
752	-5.46314827230032662e-01
753	-5.31815155765723580e-01
754	-4.33326243236292416e-02
755	6.91012636746368036e-01
756	-3.04277777149830508e-01
757	1.22277077121583155e+00
758	-3.57389844066130113e-01
759	-1.52410696306060911e-01
760	-6.29792381880401653e-01
761	-1.99489314549374241e-01
762	7.76549626168785756e-01
763	2.16748146035049966e-01
764	4.40669992737377836e-01
765	2.18567511540021742e-01
766	2.06208291511760983e-01
767	-2.03189628632714586e-01
768	-1.34124814601346176e-01
769	-4.06890885061488905e-01
770	2.66254378896364045e-02
771	-4.15612855817449889e-02
772	-2.96748715420547593e-01
773	1.36638187338432915e-01
774	2.84809687165966108e-01
775	-3.27815914749921389e-01
776	-1.33488315237712929e-01
777	-6.79544247416663805e-02
778	5.99111718796049963e-01
779	-2.10231848435264046e-01
780	-7.82132962561373213e-02
781	-2.48994789145749913e-02
782	-4.32263317143881665e-01
783	-5.39158343918378136e-01
784	6.42577287595643809e-01
785	-2.75693702777417393e-01
786	1.75156355983166312e-01
787	-1.16099315761272326e+00
788	1.52190399065655541e-01
789	-7.77945725382121034e-01
790	-1.98764876520079403e-01
791	2.09281474916047455e-01
792	6.20181298095944356e-01
793	-8.77250988207863958e-01
794	-1.97770230715040546e-01
795	9.37752860222131557e-01
796	-4.48467968040053178e-01
797	-1.12998597754961416e+00
798	4.17585398720650258e-01
799	8.32896435396406620e-02
800	1.52235220533930016e-01
801	-3.23873243608058872e-02
802	9.95597235796628482e-02
803	3.05911469215197143e-02
804	-1.43862449294184735e-01
805	-1.11949733966581255e-01
806	2.13394886757062890e-01
807	-1.90910912729694182e-01
808	-5.90000705052139196e-01
809	3.74499926950073725e-01
810	2.21329108583529249e-01
811	-1.72146911069755021e-01
812	3.41783176615595374e-01
813	-1.32753413366982938e-02
814	-6.82025956150741769e-02
815	-1.42364667023831375e-02
816	7.03108862776028576e-01
817	7.53374372419762239e-02
818	-5.20130327819423255e-01
819	-5.89697153848345382e-02
820	2.23085438300435535e-01
821	-3.83401106669633424e-02
822	-5.22034875526039222e-01
823	2.27207419671035304e-01
824	4.96300887760043108e-01
825	-9.82942658781936651e-01
826	-1.30209519181049527e+00
827	-6.46914733191322200e-01
828	4.08114450257265615e-01
829	-1.94411842222275533e-01
830	1.60841254244381254e-01
831	-2.39465074800016414e-02
832	6.31924414086845965e-01
833	-1.57595792019860154e-01
834	-4.25530968487913996e-01
835	-5.04089198578372533e-01
836	4.21565486171826043e-01
837	-4.90861914553547968e-02
838	-3.00542364529623296e-01
839	-4.82034103162473582e-01
840	-6.43669064517378264e-01
841	8.35002225775873907e-01
842	-1.89219955001893952e-01
843	-2.50207479056199000e-01
844	3.92196073990496274e-01
845	1.00175037066833839e+00
846	-3.54239922755168246e-01
847	-8.75975164025144526e-01
848	4.32598003445064383e-02
849	-5.14254237229288980e-01
850	3.84752834029632729e-01
851	-1.10241338575449621e+00
852	1.87059670673676459e-01
853	-7.43586013052933925e-01
854	3.69080471392717768e-01
855	-1.68342323609297240e-01
856	1.61716367419271645e-01
857	3.67283662236616459e-01
858	5.60277813136619840e-01
859	-5.33960497427158787e-01
860	-4.96248270805158154e-01
861	8.61718172548171651e-02
862	4.74215693474685195e-03
863	1.06764522459243172e-01
864	-7.99666643010777944e-01
865	2.45094967268288916e-01
866	6.64912665088558064e-01
867	-6.89178107473496393e-01
868	4.03720371013150114e-01
869	9.67421936011113454e-02
870	2.85319052846001765e-02
871	1.02970230040660726e+00
872	-6.30153155930998965e-01
873	1.09352183146749860e+00
874	-3.56336660232395797e-01
875	9.83949352282653900e-01
876	7.24357123831021049e-02
877	7.08477279340660293e-01
878	5.94468392837757653e-01
879	1.89553739427439361e-01
880	6.23302387335945451e-01
881	-1.35106096899509498e+00
882	1.65212626093724418e-01
883	5.35287440996873448e-02
884	-9.04474889103011104e-01
885	6.88926551498004081e-01
886	-2.17052624912048298e-01
887	4.54404529787201694e-01
888	-4.32387539997356629e-01
889	8.17742179834420546e-01
890	3.12482920216592963e-01
891	-5.66769321397905701e-01
892	7.14505825301120390e-01
893	-2.77954045100321234e-01
894	1.11250624555945588e-01
895	-1.04949012449172041e-01
896	-5.09364143493496249e-02
897	-1.35368989975073545e-01
898	1.27618089675962509e+00
899	-6.80318762382012943e-01
900	-6.71905117961022341e-02
901	1.50969620279687189e-01
902	4.28935472206611212e-01
903	1.11706093089318714e+00
904	3.52209208076810665e-01
905	8.20334823525350032e-01
906	7.06356563127239268e-01
907	-6.15818841731047728e-01
908	7.38576251762607938e-02
909	-2.09907148039985336e-01
910	4.80386441734841685e-01
911	2.99726795040957616e-01
912	4.47156731373298741e-02
913	3.48732377028642071e-01
914	-2.36545825591159331e-01
915	1.34897447600001136e-01
916	2.04837614907421722e-01
917	4.38685929385010054e-01
918	5.63853278567120308e-01
919	-3.90753495514157723e-01
920	-9.84990068312176503e-02
921	-3.63704966529654727e-01
922	4.84444832956596905e-01
923	2.61007750915409564e-01
924	-3.55803787069013167e-01
925	4.97988276024572796e-01
926	4.65976910599400981e-02
927	-1.94126992834578821e-01
928	6.33314961040231217e-01
929	-2.96030428864010708e-01
930	4.65389676717692657e-01
931	6.91815196957116796e-02
932	-5.27495404865651940e-01
933	-6.62610338040748093e-01
934	1.30681055633893872e-01
935	2.13788686231872693e-01
936	7.46709953357291428e-02
937	-1.74755842080682233e-01
938	-1.97173553717866074e-01
939	5.10379944742306746e-01
940	-2.69877100846645623e-01
941	1.59562195815825647e-01
942	-4.50030852977487683e-01
943	-5.50748590166132757e-01
944	-2.00113638856077858e-01
945	8.05110028729668858e-01
946	8.91999999351788864e-01
947	2.54852438088443378e-01
948	-3.28535819289610898e-01
949	-2.88743913012725097e-02
950	6.09520583146796135e-01
951	1.40841781544757544e-01
952	3.14383299302916697e-01
953	6.38637316928634347e-01
954	4.47466526689667521e-01
955	-3.98985511052735053e-01
956	-3.50386449343888962e-01
957	-1.19990936342998333e+00
958	1.97808004911215723e-01
959	-4.83907644424289740e-01
960	2.09282257591062698e-01
961	3.87237189682075822e-01
962	3.49749777967527042e-01
963	-5.75380398177304575e-01
964	-6.58903083795685296e-01
965	3.39144180976274079e-02
966	1.43157024175516484e-01
967	4.44678557583036538e-01
968	-6.07662253836731003e-01
969	-4.18881790999382830e-01
970	-5.74339675558059981e-01
971	-2.25563332578043278e-02
972	-3.45811420938906766e-01
973	-2.78783679543108884e-02
974	6.85246941312689789e-02
975	-1.21650212664269408e+00
976	3.58213078870865675e-01
977	3.57029420066930003e-01
978	-9.10665260831846485e-02
979	-3.60105126777588769e-01
980	-1.07242087060394842e+00
981	-8.48460322879736162e-01
982	-3.64273105075957837e-01
983	-3.13360118811497890e-01
984	-6.45528569618781689e-01
985	-8.00927603084305995e-01
986	-1.73702890660889647e-01
987	-3.98921912084637453e-01
988	-2.53260160117956823e-01
989	8.31085977753078908e-01
990	-1.08820152243484580e+00
991	2.52693368686347064e-01
992	-1.44298080090611652e-01
993	1.15572531146832058e+00
994	7.54193149151187070e-01
995	5.85882679495504655e-01
996	-3.42490023949246158e-01
997	8.73728139037558416e-01
998	-2.11842305118619068e-01
999	-1.61381412546265313e-01
1000	1.81043919711821988e-01
