1	5.96846859678532660e+00
2	7.19020455886909104e+00
3	6.91469802350214113e+00
4	5.44551401390652057e+00
5	6.90244805649758941e+00
6	5.32473160985115257e+00
7	6.07228973694742802e+00
8	6.61630346719862583e+00
9	6.81990311289133100e+00
10	6.11419654796169709e+00
11	5.80036599794529373e+00
12	6.71813857254155522e+00
13	6.55156455118069836e+00
14	5.28227290987378417e+00
15	6.17203066144042456e+00
16	5.96596569213318695e+00
17	6.89240069780508424e+00
18	6.88560898567709234e+00
19	7.28739302634099317e+00
20	5.51071043097575419e+00
21	6.90466953589254384e+00
22	5.91108074123135463e+00
23	5.97615676601831591e+00
24	6.69008767812285488e+00
25	5.19801998194292647e+00
26	5.23598037261959171e+00
27	6.07464902766612003e+00
28	6.30171132918521515e+00
29	6.92113614027775803e+00
30	5.44243025127714297e+00
31	5.85063179339637429e+00
32	6.52956899034011951e+00
33	7.94104625854868296e+00
34	6.66040056586522589e+00
35	6.50652187348650557e+00
36	7.12203930238913685e+00
37	4.93879801855903366e+00
38	7.21710946390648811e+00
39	6.71534837256852324e+00
40	7.98203658781849956e+00
41	7.32407369656539675e+00
42	6.53840397756645775e+00
43	6.14686513868055329e+00
44	5.64777852255927115e+00
45	6.48101381924314346e+00
46	6.77790961375278744e+00
47	5.48303012954523261e+00
48	6.09009766054523816e+00
49	5.22033330036926291e+00
50	6.16087281658386310e+00
51	5.37108379393071989e+00
52	6.98679808901536692e+00
53	6.17870161192608247e+00
54	6.13541641151000583e+00
55	5.99114577366515810e+00
56	6.03992295684404379e+00
57	5.72361484030261547e+00
58	6.36329696016804558e+00
59	6.14066331483988659e+00
60	6.96900929789305934e+00
61	6.10892204908750980e+00
62	5.31610141989037643e+00
63	7.18262471609503805e+00
64	6.59853464592605299e+00
65	6.86953004124061994e+00
66	5.97205991539500669e+00
67	7.11903445189296225e+00
68	5.37554865530862180e+00
69	6.49619644746164582e+00
70	5.53289924535617672e+00
71	6.18060377304918074e+00
72	6.28477763496048070e+00
73	6.27892482224529580e+00
74	6.44033448140960374e+00
75	5.49576464771803597e+00
76	5.67844340106383605e+00
77	5.84484605873344965e+00
78	6.50729176705215284e+00
79	6.66053414998105442e+00
80	5.97821955355853962e+00
81	7.36519264164345078e+00
82	5.51548695051825089e+00
83	6.71338584853258258e+00
84	6.53822248210354751e+00
85	5.95395166141258159e+00
86	7.30938987008267382e+00
87	6.54108603106610520e+00
88	6.79705955755727143e+00
89	6.24553436248314142e+00
90	7.01087141922509538e+00
91	6.23634086654647746e+00
92	5.29623900072662845e+00
93	6.52969038783543532e+00
94	7.45257827589643362e+00
95	5.87036344954347111e+00
96	6.34067774262173600e+00
97	6.43403782718535666e+00
98	6.49156500259788860e+00
99	6.30205280533176371e+00
100	5.64806456064497908e+00
101	6.26942887305035601e+00
102	6.50647803455984963e+00
103	7.34354312067116677e+00
104	6.46353690890763222e+00
105	6.29714541708233444e+00
106	7.61602082941105962e+00
107	7.04598219885491783e+00
108	6.21151388852587605e+00
109	6.56456337687294056e+00
110	4.61066584764799181e+00
111	6.36836319270760409e+00
112	7.82377305065657147e+00
113	6.79103650092583155e+00
114	6.86985474727397705e+00
115	5.22508568337276813e+00
116	6.34545449872084966e+00
117	5.99113499201676891e+00
118	6.38301239154100841e+00
119	6.98650043113723118e+00
120	6.36838786894157050e+00
121	6.40078339490459491e+00
122	6.34998610350204373e+00
123	5.02226043144729939e+00
124	6.48934739828850482e+00
125	6.09249898618427288e+00
126	6.40065962282243373e+00
127	6.63651141379706289e+00
128	6.33413297312555112e+00
129	6.16370339806430501e+00
130	5.97501284174951675e+00
131	6.76257175275819744e+00
132	6.43891585351466933e+00
133	6.11449088132121865e+00
134	6.15534352802503637e+00
135	6.53037049890189181e+00
136	7.69376117329835374e+00
137	6.11712955300129302e+00
138	5.46605290185828796e+00
139	6.37984642314771033e+00
140	7.45530305741277122e+00
141	5.49622081502547033e+00
142	6.69247916586308200e+00
143	6.23831501257598919e+00
144	6.48332743113362042e+00
145	6.18053094538773173e+00
146	6.50151646825786500e+00
147	5.40062024112452654e+00
148	7.21145098657751848e+00
149	6.44544785228574746e+00
150	5.73848442660252367e+00
151	6.79387729282183361e+00
152	6.19172939136637179e+00
153	5.69783870554705185e+00
154	5.94181004027643667e+00
155	6.99711685602665945e+00
156	4.88628774979895297e+00
157	6.51906710200518091e+00
158	6.89934527863796632e+00
159	6.12438817635731336e+00
160	7.06080355226906597e+00
161	6.31019042367040317e+00
162	6.77388849256353076e+00
163	6.26092702998268624e+00
164	5.92204146865878833e+00
165	5.92779717424502639e+00
166	5.51174806875633827e+00
167	6.84314713179906686e+00
168	7.54237320139793610e+00
169	6.48010265055348356e+00
170	6.37578023717236420e+00
171	6.52517087815749441e+00
172	5.57905427251095176e+00
173	6.43737460731807332e+00
174	5.87559648094985221e+00
175	6.13890425252124494e+00
176	5.77212096961086640e+00
177	6.49966355585069078e+00
178	5.69642244160738098e+00
179	5.95632999868277491e+00
180	6.32294823599947531e+00
181	6.20180763072872576e+00
182	6.09756699447277217e+00
183	6.57870961699950474e+00
184	7.55069519574498837e+00
185	6.92406672320782146e+00
186	6.68978219890734671e+00
187	5.60950586786060068e+00
188	6.11477493449919685e+00
189	5.93208190356998699e+00
190	6.39387309218842681e+00
191	6.05405283877835565e+00
192	6.46445356812843208e+00
193	6.87122584627328870e+00
194	6.32976473854982302e+00
195	6.14789918987613593e+00
196	6.78873777987864635e+00
197	5.49446823205030821e+00
198	7.01984370062403418e+00
199	5.93978472439104355e+00
200	6.93431759046402085e+00
201	6.02869272761651587e+00
202	7.35900084974035185e+00
203	5.64059861995224932e+00
204	5.82036313331125221e+00
205	6.81841560539847080e+00
206	4.98616442674624327e+00
207	5.42848134781072211e+00
208	5.29018902137841440e+00
209	5.58946769101808361e+00
210	6.54014150454123122e+00
211	6.41811013490254201e+00
212	5.84022784598902867e+00
213	6.95844990359662230e+00
214	6.67305128489704735e+00
215	6.46949478151070867e+00
216	5.71715582571275593e+00
217	5.82839935910885032e+00
218	6.12848253260776499e+00
219	6.08041618644521176e+00
220	6.34096563582326400e+00
221	6.84936186964247984e+00
222	6.91518889670192483e+00
223	7.04579488316799107e+00
224	6.14636468797118951e+00
225	5.97610084448531964e+00
226	6.79643054224789100e+00
227	6.23291110787001301e+00
228	4.65102772919325425e+00
229	5.18546956852464458e+00
230	6.10640748598480165e+00
231	6.68928131789213598e+00
232	6.44618929821624675e+00
233	7.12786385698462244e+00
234	6.76355443430083447e+00
235	6.18329035375229363e+00
236	6.02898143106077899e+00
237	5.98720304709545914e+00
238	6.48539172709151046e+00
239	6.26727724629827421e+00
240	6.05730369270656954e+00
241	7.47765542834872221e+00
242	6.45350284391132512e+00
243	6.41093175930198989e+00
244	6.28173020912898483e+00
245	6.62326262524660248e+00
246	5.86516720208258313e+00
247	6.13658510394223811e+00
248	6.44778155752769777e+00
249	6.30662468426213518e+00
250	6.54071120898731717e+00
251	6.24628333188068297e+00
252	6.43533312933235546e+00
253	5.75466644117393678e+00
254	6.36455486524354352e+00
255	6.06608212056164398e+00
256	5.85353018703660943e+00
257	7.84827468371989934e+00
258	6.42810366282494350e+00
259	4.79868391988550513e+00
260	6.77453718608056654e+00
261	6.89025293066771560e+00
262	6.31326040640555686e+00
263	6.79765075921734674e+00
264	6.70681245928072656e+00
265	6.20485135836246027e+00
266	6.18445284485871571e+00
267	6.05087595175450144e+00
268	6.20994490999009496e+00
269	5.94582981285610668e+00
270	5.81378255217287343e+00
271	5.45070755855882538e+00
272	6.24883235165586726e+00
273	5.62937341955952064e+00
274	5.00828275957849733e+00
275	5.97754873881011672e+00
276	5.55893230415639561e+00
277	6.53308035665117171e+00
278	6.30621115213074113e+00
279	5.30080671508338774e+00
280	6.14156901966853486e+00
281	7.06274556445287072e+00
282	4.87267815526148951e+00
283	7.68371065605108328e+00
284	6.24451815508445929e+00
285	7.18341665296284759e+00
286	6.77561987805636079e+00
287	7.17577816204896912e+00
288	5.99476637985407113e+00
289	6.67628983075844307e+00
290	7.09850372172874877e+00
291	7.00323980745498531e+00
292	6.04987724949911065e+00
293	6.32685145978662256e+00
294	6.34564450732753205e+00
295	5.58961171109988264e+00
296	5.48845780405042305e+00
297	6.23278777069274437e+00
298	6.17317688548158738e+00
299	6.11283745560670155e+00
300	5.47351419565129227e+00
301	6.50357474199345731e+00
302	6.02387484295247155e+00
303	6.67553795044315201e+00
304	6.62339204087666822e+00
305	7.67520226344309719e+00
306	6.39901090391055227e+00
307	5.64738216709237673e+00
308	7.16007110874455055e+00
309	7.60242875819132191e+00
310	6.33433214615607643e+00
311	6.09818827131241648e+00
312	6.41403800063934248e+00
313	6.62224090692887035e+00
314	5.23629439677293718e+00
315	5.64127661388577373e+00
316	7.33195888027998954e+00
317	5.73319373483263561e+00
318	6.68988189182107806e+00
319	4.89411844741938573e+00
320	5.25552295329445052e+00
321	5.91048631602709662e+00
322	6.63474423852022266e+00
323	6.62140129374056396e+00
324	5.63179569224586274e+00
325	6.16664212705973558e+00
326	7.60272743933209583e+00
327	6.96450586439321739e+00
328	6.22711297320666723e+00
329	6.22954225665532491e+00
330	5.68812337560838710e+00
331	5.69539724931525804e+00
332	5.42500694946088480e+00
333	5.47445934861159245e+00
334	6.06023478881866318e+00
335	7.34657913652042005e+00
336	6.65096278326071655e+00
337	5.25272953323497571e+00
338	6.31929415969555652e+00
339	5.26357358170965739e+00
340	6.82368295189929075e+00
341	6.44620599873319211e+00
342	6.10195513829543490e+00
343	6.25263027400934490e+00
344	6.14747022471611615e+00
345	6.98613136430102344e+00
346	7.33390624328829155e+00
347	5.97606554845002780e+00
348	6.86707497924216970e+00
349	5.57697302065027234e+00
350	5.72646014667736836e+00
351	5.66914100910743990e+00
352	7.85050054149873500e+00
353	6.56013063464652380e+00
354	5.49199637175543476e+00
355	6.46844336455296087e+00
356	6.79401024895831895e+00
357	7.10418680897641952e+00
358	6.48560622650227536e+00
359	5.92606947076107016e+00
360	6.82157568788792901e+00
361	7.39960084973214904e+00
362	6.26108586263224698e+00
363	6.28317834887211912e+00
364	6.70949665356752956e+00
365	7.12933358831835307e+00
366	7.47511751394987023e+00
367	5.72262856628635674e+00
368	5.51490702707157432e+00
369	5.69061204194065429e+00
370	4.94001433049645744e+00
371	6.01094395731639697e+00
372	6.45009839201283874e+00
373	5.77371092525039931e+00
374	5.77742126635080400e+00
375	6.54130953123791770e+00
376	6.68982246664756097e+00
377	7.04547127404162055e+00
378	5.26933633564142756e+00
379	7.51140337281079873e+00
380	7.23032443052404084e+00
381	6.43575703926852860e+00
382	6.06740513085333699e+00
383	6.73659966956444833e+00
384	7.05111289286482457e+00
385	6.62004980178514479e+00
386	6.19556263493441950e+00
387	6.68581378480770994e+00
388	5.54529230865337652e+00
389	6.48571452627727307e+00
390	7.71799002146357527e+00
391	6.40315953000056304e+00
392	5.73957464923773042e+00
393	7.35685839395244656e+00
394	6.68242160125660423e+00
395	6.43807094217928633e+00
396	7.14033922650455022e+00
397	7.03279534157856556e+00
398	7.65967328881583143e+00
399	5.71371810804799907e+00
400	5.27015420401852275e+00
401	5.72321989247447949e+00
402	7.02008572730434555e+00
403	5.53099283529745023e+00
404	6.94259322420475655e+00
405	5.80383555313810806e+00
406	6.69612728896571152e+00
407	7.45646232703239242e+00
408	6.82434116385380563e+00
409	6.78124119742192644e+00
410	6.51211991354780828e+00
411	6.74826120032147081e+00
412	6.27559867658750559e+00
413	6.88187779372513919e+00
414	6.41603836382586934e+00
415	4.50877726238429144e+00
416	5.99499396548268582e+00
417	6.36180148470764451e+00
418	6.67059359948972030e+00
419	5.40810197817736693e+00
420	5.46664651944900282e+00
421	5.18088900731211588e+00
422	6.79638337032139539e+00
423	5.88005291083429071e+00
424	5.75505000532891664e+00
425	7.18075682314923025e+00
426	5.93521152911634342e+00
427	6.72619692938966285e+00
428	6.53831474366871035e+00
429	7.46808088878033516e+00
430	6.23254114889726551e+00
431	6.57260375344418968e+00
432	6.67336291933465908e+00
433	7.89794583313147402e+00
434	6.21348357779463267e+00
435	6.16535012966897256e+00
436	6.50975600942446064e+00
437	6.98234947706640163e+00
438	5.53316265244462890e+00
439	6.53323278336845714e+00
440	6.38135629730510967e+00
441	5.17393771761974186e+00
442	5.98480129334051636e+00
443	6.61028085944851185e+00
444	5.10502991377845383e+00
445	5.95252483118591957e+00
446	5.57210482559472275e+00
447	5.71799684198018809e+00
448	5.37197019192197978e+00
449	6.42867846232459694e+00
450	6.01380712966794917e+00
451	5.98321452767337281e+00
452	8.06261235689002120e+00
453	6.24706643727193622e+00
454	6.83302195654151490e+00
455	7.56990647231168445e+00
456	6.52515364970451817e+00
457	6.10984289688183413e+00
458	5.50788276888042372e+00
459	5.71649839749773836e+00
460	5.92832607636400244e+00
461	6.04128277457032148e+00
462	6.88634116550447573e+00
463	5.91474236647912210e+00
464	6.75179139771765335e+00
465	5.91388965901711217e+00
466	6.19648294226214702e+00
467	6.17782198973883645e+00
468	6.10950124375952175e+00
469	6.41031344121286129e+00
470	6.07727467313964098e+00
471	6.97097479492679195e+00
472	6.97985033580039538e+00
473	5.82893360104565250e+00
474	6.71862037790546740e+00
475	5.87958627212388496e+00
476	7.57272890641857011e+00
477	5.80359368127501973e+00
478	5.67922923778986366e+00
479	6.16759685463314966e+00
480	6.20035899396149404e+00
481	6.73247995371617591e+00
482	6.90744860093070123e+00
483	6.23026932799592359e+00
484	5.95154319738250770e+00
485	6.63354321927441770e+00
486	6.06350114520374639e+00
487	6.12360494342735606e+00
488	4.95886257120126217e+00
489	6.60233005397395711e+00
490	6.23423564183521695e+00
491	5.80387498050080008e+00
492	6.32863028417683982e+00
493	6.78015016713110708e+00
494	7.14224806901765152e+00
495	6.49684839584124241e+00
496	6.40101710185430228e+00
497	6.75095008770938243e+00
498	5.55124216108185475e+00
499	5.91660306843143591e+00
500	5.16808932524531528e+00
501	6.62652481355580658e+00
502	6.48843646661575502e+00
503	6.99667667000399351e+00
504	6.46627443919559752e+00
505	5.86786901806799754e+00
506	7.26811471528824171e+00
507	6.58088262742325281e+00
508	6.65937596094009265e+00
509	5.78760884214800431e+00
510	6.20611226635222835e+00
511	5.65838188888803284e+00
512	5.95674367864342003e+00
513	7.12716605831204397e+00
514	6.46855243750753139e+00
515	6.83527394097402663e+00
516	5.21302612233938767e+00
517	5.38213355473039723e+00
518	6.29732609933770782e+00
519	6.69590973262473454e+00
520	6.28044823907188565e+00
521	6.23680784472290917e+00
522	6.18166294032361918e+00
523	6.08909167712287580e+00
524	6.29295236716319994e+00
525	6.17751060197861790e+00
526	6.27631150448150343e+00
527	7.44281266637909233e+00
528	5.95902613430220285e+00
529	6.38970606072283331e+00
530	6.91856115609269118e+00
531	6.96369633569476321e+00
532	6.47844490201711398e+00
533	5.67223455177470548e+00
534	6.58153894153576768e+00
535	5.72706293051406590e+00
536	6.24362150505400670e+00
537	7.44706577555849147e+00
538	6.35699549480654280e+00
539	6.96977001188401069e+00
540	5.78977365548479117e+00
541	5.66077531276217094e+00
542	5.77056374779797920e+00
543	5.69295969971645377e+00
544	7.13337961265963472e+00
545	6.12091386464155551e+00
546	7.11589143337576147e+00
547	6.90065159158006125e+00
548	5.60897080036381634e+00
549	5.91096622712365516e+00
550	5.66729138086142736e+00
551	5.59746073128222221e+00
552	6.17332949011869392e+00
553	5.87268906184054895e+00
554	6.10228992468449949e+00
555	7.00833877279623430e+00
556	6.55335242000924989e+00
557	6.78846009572699138e+00
558	5.27257997437470483e+00
559	7.39166913924906233e+00
560	6.02691559096229312e+00
561	6.65716624396537693e+00
562	6.06945274064662854e+00
563	5.16378380745700483e+00
564	6.70436189527807525e+00
565	5.84807250344916163e+00
566	6.31121892662587758e+00
567	6.73699711387247291e+00
568	6.49978585845021062e+00
569	5.70699095667468725e+00
570	7.11944345080993646e+00
571	5.49116735824529201e+00
572	6.36961375170565169e+00
573	6.24547715508387569e+00
574	6.87821048554882619e+00
575	6.04855195784245669e+00
576	5.38499265581042597e+00
577	6.64362203137000407e+00
578	6.23799156821934275e+00
579	5.56038386584841771e+00
580	6.11659906656026919e+00
581	6.17160075645251549e+00
582	5.50570917833334672e+00
583	6.79839158334808324e+00
584	5.62929341300402442e+00
585	7.13421567220228336e+00
586	6.25847768269230897e+00
587	6.71366994971508291e+00
588	6.41598439463719838e+00
589	6.61712792041827136e+00
590	6.38009664814676203e+00
591	5.76856258657843313e+00
592	6.52781898595625787e+00
593	5.79536446641962932e+00
594	6.19847411204875964e+00
595	6.06399518530866732e+00
596	6.31602104878546466e+00
597	6.70830404242078071e+00
598	6.10785617451584528e+00
599	6.27312361738228130e+00
600	7.37071057968857435e+00
601	5.83411110168479574e+00
602	6.03664307785130649e+00
603	6.00173186731147990e+00
604	6.26696223038379507e+00
605	6.35683920653216639e+00
606	6.91975020624169801e+00
607	6.79622287053309027e+00
608	6.27365674317572886e+00
609	6.02764394425599903e+00
610	6.33098746266907586e+00
611	6.34768014998099783e+00
612	5.60804936568446699e+00
613	6.41252808452614964e+00
614	6.26788624312686693e+00
615	6.04240540125580772e+00
616	6.20169617900855386e+00
617	5.82018131849668041e+00
618	5.38186534323753563e+00
619	5.61970220991807867e+00
620	5.94252223648408862e+00
621	7.15746095490655598e+00
622	6.36585645872860173e+00
623	6.17649486815359072e+00
624	5.27668225165432325e+00
625	6.27459658165408740e+00
626	6.18008049248231117e+00
627	5.25088596779869299e+00
628	6.73386698689170871e+00
629	6.64659943513492024e+00
630	6.41728755219368630e+00
631	5.81023975006773963e+00
632	6.43438752770516142e+00
633	6.69784254918747735e+00
634	7.30796140081688961e+00
635	6.22266721505486853e+00
636	7.06243181409020160e+00
637	6.88422585245189023e+00
638	5.88199217049417200e+00
639	7.02656222956668497e+00
640	6.54920311816145606e+00
641	6.12177397188982564e+00
642	5.24434284868652156e+00
643	6.60119335812749242e+00
644	5.41123185660431627e+00
645	6.86828549281630618e+00
646	6.03656802621102173e+00
647	5.92483113859754962e+00
648	6.15801707588286185e+00
649	6.82287907846812658e+00
650	7.10243549259349027e+00
651	5.89919945091644848e+00
652	6.09222931846474225e+00
653	5.77628227960163976e+00
654	5.70187372264020986e+00
655	5.00220508168325217e+00
656	5.14612177493201628e+00
657	6.41023378165006896e+00
658	6.38506398734176628e+00
659	7.32697626842882599e+00
660	6.58260724099980266e+00
661	6.98255686061415215e+00
662	7.28394987464912713e+00
663	6.76518285899835714e+00
664	6.21546136634415447e+00
665	6.10882184847108167e+00
666	7.08264154724123607e+00
667	6.62808318196442059e+00
668	6.46193231227783471e+00
669	7.22572915280612360e+00
670	7.46121772573603081e+00
671	6.40643133084540484e+00
672	5.24700235815418026e+00
673	7.01843204420726430e+00
674	6.58286620258030730e+00
675	5.23842712555603995e+00
676	6.13592725065083755e+00
677	5.74709718973737793e+00
678	5.34747650855643020e+00
679	5.70160941495926110e+00
680	6.41681420714199469e+00
681	6.49688180522904446e+00
682	5.81822372411351285e+00
683	6.15518531240285682e+00
684	6.60741036045606478e+00
685	6.93574201252283640e+00
686	6.18672796470487452e+00
687	6.28376927965063725e+00
688	5.55629444982084397e+00
689	6.66366786880234230e+00
690	6.36218893409416708e+00
691	7.50369613662615009e+00
692	6.89988129889874546e+00
693	6.88783043891493474e+00
694	6.33545918978491063e+00
695	5.75506912392017256e+00
696	5.86604392624038873e+00
697	6.41232537247440781e+00
698	7.32038650924924816e+00
699	5.65863836871369497e+00
700	6.49395812904921144e+00
701	6.71200991040464157e+00
702	6.45991949555575040e+00
703	7.09187055515830611e+00
704	5.99914600379459806e+00
705	4.94063023254203237e+00
706	5.34903632963094999e+00
707	6.33808523667506929e+00
708	6.45165472803932261e+00
709	6.40680051350609148e+00
710	6.64626812071470852e+00
711	6.48582104313897112e+00
712	6.53970054708795789e+00
713	6.48202610498046106e+00
714	5.95254638221358068e+00
715	6.25589965970472672e+00
716	5.95843472543932240e+00
717	6.85479817024166582e+00
718	6.64489483770623401e+00
719	5.41340927578966458e+00
720	7.18092977255084275e+00
721	6.08915603406838457e+00
722	5.61675330052567645e+00
723	5.45390950392807472e+00
724	6.73534975451024831e+00
725	6.23980385027779771e+00
726	6.78302406082198139e+00
727	5.77418955136359457e+00
728	7.13760861910216882e+00
729	6.87476385405666690e+00
730	6.72973113585760618e+00
731	6.61211341167704170e+00
732	5.88743301380642858e+00
733	5.59080080918232269e+00
734	6.54424748700622416e+00
735	5.70686292422446684e+00
736	6.61500077963267330e+00
737	6.28154894733971592e+00
738	7.49129167386212913e+00
739	5.70266126860206235e+00
740	6.16669600565562259e+00
741	6.64574613987172480e+00
742	5.96836881286258425e+00
743	6.65889925721567888e+00
744	7.21475455619886574e+00
745	5.88549211151945340e+00
746	6.66536309018787154e+00
747	5.15962762390246521e+00
748	6.10397109395427684e+00
749	6.09830587456116024e+00
750	6.27218177661431575e+00
751	6.66041179376261105e+00
752	5.82624644913320910e+00
753	6.53018337281598882e+00
754	5.77460756808604003e+00
755	6.88473357298209887e+00
756	5.07859197611606294e+00
757	6.60436059181232071e+00
758	5.86105526378783193e+00
759	6.90529449033900011e+00
760	7.01206375386659442e+00
761	5.73717651826205000e+00
762	6.75923045007055467e+00
763	6.85308205250301228e+00
764	6.14468544651965320e+00
765	5.89269612552800659e+00
766	6.55793385926484351e+00
767	6.44890912805112571e+00
768	6.69004694373547082e+00
769	6.46698334636433980e+00
770	6.62011629283649583e+00
771	6.54367472437777220e+00
772	6.85749283147505029e+00
773	6.93051646740007765e+00
774	6.55411467946205128e+00
775	6.08730766731400763e+00
776	6.99668197294502203e+00
777	7.46967545135838584e+00
778	6.10383349297762212e+00
779	7.28957457484950844e+00
780	5.51288679053666097e+00
781	6.59167748980545287e+00
782	5.93388631115403786e+00
783	5.39599980811670221e+00
784	6.71625708255776921e+00
785	5.69706882594219888e+00
786	5.63096977162946644e+00
787	5.84297643476820738e+00
788	5.98400876047585051e+00
789	5.51701454592416596e+00
790	6.56583958381640720e+00
791	6.45747800352757473e+00
792	6.00202525253499264e+00
793	6.12431871658794336e+00
794	5.98477271714573966e+00
795	6.53279126595529469e+00
796	7.19411720582073411e+00
797	6.09734996736843549e+00
798	5.49091472452634033e+00
799	5.68586673864242353e+00
800	6.04054173949088113e+00
801	6.41557592540614152e+00
802	6.42561587365367792e+00
803	6.34000385432033120e+00
804	6.20011523908112139e+00
805	6.55850799185940936e+00
806	5.46953548790739230e+00
807	5.82010238979660688e+00
808	6.42924274092697168e+00
809	6.65873625327912411e+00
810	6.22673013322393754e+00
811	6.18754433936376280e+00
812	6.73253040360334243e+00
813	6.21762629568802883e+00
814	7.21226939208238260e+00
815	5.34474856534341392e+00
816	5.93035535469262598e+00
817	7.07759264064727400e+00
818	5.44119124779290075e+00
819	6.48374256117437220e+00
820	5.77633339150789471e+00
821	6.04130279214057708e+00
822	5.88493894112329041e+00
823	5.88363505610746707e+00
824	6.90310770785964589e+00
825	5.84564276076371137e+00
826	6.27574053028590750e+00
827	6.42412581240275049e+00
828	6.02291623214434324e+00
829	6.67089492564300457e+00
830	6.84633318194757123e+00
831	6.30653283835540535e+00
832	6.44973380417950359e+00
833	5.24250241556351604e+00
834	6.78459661094524069e+00
835	6.40677620427231798e+00
836	7.31328790743393586e+00
837	6.89479627306708309e+00
838	6.23998924320569870e+00
839	5.67623690700026806e+00
840	6.54229112980567162e+00
841	5.83551190763653871e+00
842	4.92154403542071250e+00
843	5.74236012599805257e+00
844	6.65333056970922598e+00
845	5.87466592240247287e+00
846	6.35914764212965267e+00
847	5.53601000944801669e+00
848	6.47006377529623578e+00
849	6.43185706675836144e+00
850	5.60266620328381304e+00
851	6.57734386063365584e+00
852	6.12172429343552427e+00
853	5.06318580685587349e+00
854	5.65639591030930688e+00
855	5.91619971896510144e+00
856	6.74833315294617364e+00
857	5.39251220929344388e+00
858	5.71274570770023082e+00
859	5.90342581309287517e+00
860	5.62143278100987498e+00
861	6.70716869868324839e+00
862	6.39032821277876284e+00
863	6.66258422455976884e+00
864	6.41332375224539231e+00
865	6.09798797091336997e+00
866	7.64106505013273107e+00
867	6.66448155065243331e+00
868	5.91235972829910938e+00
869	7.00602278144819035e+00
870	7.15666622100331296e+00
871	6.26328802950963492e+00
872	6.01778830343907334e+00
873	6.47371900673372025e+00
874	6.00924077981515747e+00
875	4.66623557458250371e+00
876	5.53235887154840711e+00
877	6.10097925448217282e+00
878	6.34878163635648107e+00
879	6.60436765702160322e+00
880	6.72777634614507658e+00
881	6.72962226872937030e+00
882	5.37768425864024557e+00
883	5.71125308536162457e+00
884	5.19255498729430975e+00
885	5.61721680095724185e+00
886	4.51255108289722262e+00
887	6.67581626583232879e+00
888	6.66474383133780268e+00
889	5.18716693894894298e+00
890	5.48443665788169099e+00
891	6.14274227727447286e+00
892	6.88227949172197828e+00
893	6.12593197225189634e+00
894	7.34966767433722268e+00
895	7.95776386443005901e+00
896	5.88844093174330929e+00
897	6.36538548001002180e+00
898	6.66074189082902102e+00
899	5.75074200011248404e+00
900	6.80990939580837740e+00
901	5.73944868385117957e+00
902	6.32669418473026735e+00
903	6.15219494973506364e+00
904	6.64543266960859569e+00
905	6.20768785031860837e+00
906	6.48449890334214629e+00
907	5.98645853599476929e+00
908	6.54265707968985133e+00
909	5.83418456654275630e+00
910	7.70709904522067824e+00
911	6.03800088494881049e+00
912	7.16076356193250874e+00
913	6.23249224870360852e+00
914	6.99406544334559221e+00
915	5.99181523804059157e+00
916	6.02354253915990867e+00
917	5.50605996758762473e+00
918	5.11417150409946331e+00
919	6.79395726515061504e+00
920	7.02066954467323079e+00
921	6.87449212493537054e+00
922	7.16557738474385353e+00
923	6.09936196360348326e+00
924	6.39955160167009574e+00
925	6.35986264587137207e+00
926	6.47318589712260195e+00
927	5.91642495047819050e+00
928	5.56372182243563884e+00
929	6.54947620127706820e+00
930	6.50257574025271090e+00
931	6.42451138549266609e+00
932	6.88384892332704013e+00
933	6.05532687514030776e+00
934	6.78144594422733338e+00
935	6.78937305062553964e+00
936	6.69438325864893891e+00
937	6.98578357199834965e+00
938	6.00990118523659245e+00
939	6.45123974375705878e+00
940	7.26507084719227336e+00
941	5.89453422305835062e+00
942	5.85481420563387278e+00
943	5.73544600502253932e+00
944	7.12130067734863825e+00
945	6.91718183609411064e+00
946	5.74050632260374005e+00
947	5.76776172458265890e+00
948	5.46999905814463538e+00
949	6.67149682935907062e+00
950	6.92399835255030105e+00
951	7.09006077200332818e+00
952	6.19056110256279446e+00
953	6.57547777148440904e+00
954	4.77901578842877228e+00
955	5.99997052342192116e+00
956	6.77142943703306255e+00
957	6.37571686202002486e+00
958	5.65902196749875586e+00
959	6.42432034418028408e+00
960	5.80581241874782172e+00
961	6.16810634758368082e+00
962	6.69704628489384124e+00
963	5.98100054961265837e+00
964	6.20840765799789018e+00
965	6.95054992414025996e+00
966	6.56232116595125525e+00
967	7.02755209529580593e+00
968	6.27937652677215397e+00
969	7.75189681310911549e+00
970	5.89472743039920832e+00
971	6.22727559674265851e+00
972	6.16074808332137724e+00
973	6.30083960970401513e+00
974	6.51380259424433383e+00
975	6.31567852304833366e+00
976	6.58122962341222983e+00
977	5.99159034468316865e+00
978	6.73417929577567786e+00
979	4.89291798408137613e+00
980	6.37688258831789589e+00
981	6.17244080087545921e+00
982	7.56095891494980421e+00
983	6.42788308517930318e+00
984	5.68952527849399115e+00
985	5.39923240056707510e+00
986	6.37760059573602600e+00
987	6.32704699783753721e+00
988	5.71332370882099205e+00
989	7.04216600003650406e+00
990	5.63064617181320504e+00
991	6.70375299678614667e+00
992	5.58104232373244180e+00
993	7.66918666946181915e+00
994	6.36583025141604164e+00
995	5.78117190106212764e+00
996	6.72905440073356420e+00
997	5.53306202731795338e+00
998	6.31498312606909273e+00
999	5.73049426303815856e+00
1000	5.97569457752159483e+00
