#i k1 k2 k
1 0 0 0
2 1 0 1
3 2 0 2
4 2 1 3
5 4 0 4
6 3 1 4
7 3 1 4
8 4 0 4
9 3 1 4
10 3 1 4
11 3 1 4
12 3 1 4
13 3 1 4
14 4 0 4
15 4 0 4
16 3 1 4
17 3 1 4
18 3 1 4
19 3 1 4
20 3 1 4
21 3 1 4
22 3 1 4
23 3 1 4
24 4 0 4
25 3 1 4
26 3 1 4
27 3 1 4
28 3 1 4
29 3 1 4
30 4 0 4
31 3 1 4
32 3 1 4
33 3 1 4
34 3 1 4
35 4 0 4
36 3 1 4
37 3 1 4
38 3 1 4
39 3 1 4
40 3 1 4
41 3 1 4
42 4 0 4
43 3 1 4
44 3 1 4
45 4 0 4
46 3 1 4
47 3 1 4
48 3 1 4
49 4 0 4
50 4 0 4
51 3 1 4
52 3 1 4
53 3 1 4
54 3 1 4
55 3 1 4
56 3 1 4
57 3 1 4
58 4 0 4
59 4 0 4
60 4 0 4
61 3 1 4
62 3 1 4
63 3 1 4
64 4 0 4
65 4 0 4
66 4 0 4
67 3 1 4
68 3 1 4
69 3 1 4
70 4 0 4
71 3 1 4
72 4 0 4
73 4 0 4
74 4 0 4
75 3 1 4
76 4 0 4
77 4 0 4
78 3 1 4
79 4 0 4
80 4 0 4
81 3 1 4
82 3 1 4
83 4 0 4
84 3 1 4
85 4 0 4
86 3 1 4
87 3 1 4
88 3 1 4
89 3 1 4
90 3 1 4
91 3 1 4
92 3 1 4
93 3 1 4
94 4 0 4
95 3 1 4
96 3 1 4
97 3 1 4
98 4 0 4
99 3 1 4
100 3 1 4
101 4 0 4
102 3 1 4
103 3 1 4
104 3 1 4
105 3 1 4
106 3 1 4
107 4 0 4
108 3 1 4
109 3 1 4
110 3 1 4
111 4 0 4
112 3 0 3
113 3 1 4
114 4 0 4
115 3 1 4
116 4 0 4
117 3 1 4
118 4 0 4
119 3 1 4
120 3 1 4
121 4 0 4
122 3 1 4
123 4 0 4
124 3 1 4
125 3 1 4
126 3 1 4
127 4 0 4
128 3 1 4
129 3 1 4
130 3 1 4
131 4 0 4
132 3 1 4
133 4 0 4
134 3 1 4
135 4 0 4
136 3 1 4
137 3 1 4
138 3 1 4
139 3 1 4
140 3 1 4
141 3 1 4
142 4 0 4
143 4 0 4
144 3 1 4
145 4 0 4
146 3 1 4
147 3 1 4
148 3 1 4
149 3 1 4
150 3 1 4
151 3 1 4
152 3 1 4
153 4 0 4
154 3 1 4
155 4 0 4
156 3 1 4
157 3 1 4
158 3 1 4
159 4 0 4
160 4 0 4
161 3 1 4
162 3 1 4
163 3 1 4
164 4 0 4
165 3 1 4
166 4 0 4
167 3 1 4
168 3 1 4
169 3 1 4
170 4 0 4
171 3 1 4
172 3 1 4
173 3 1 4
174 4 0 4
175 3 1 4
176 3 1 4
177 3 1 4
178 3 1 4
179 4 0 4
180 4 0 4
181 3 1 4
182 3 1 4
183 3 1 4
184 3 1 4
185 3 1 4
186 3 1 4
187 3 1 4
188 4 0 4
189 3 1 4
190 3 1 4
191 3 1 4
192 3 1 4
193 3 1 4
194 3 1 4
195 3 1 4
196 3 1 4
197 3 1 4
198 3 1 4
199 3 1 4
200 3 1 4
201 3 1 4
202 3 1 4
203 3 1 4
204 3 1 4
205 4 0 4
206 3 1 4
207 3 1 4
208 3 1 4
209 3 1 4
210 3 1 4
211 4 0 4
212 3 1 4
213 4 0 4
214 3 1 4
215 4 0 4
216 3 1 4
217 3 1 4
218 3 1 4
219 3 1 4
220 3 1 4
221 4 0 4
222 3 1 4
223 3 1 4
224 4 0 4
225 4 0 4
226 3 1 4
227 3 1 4
228 4 0 4
229 3 1 4
230 3 1 4
231 3 1 4
232 4 0 4
233 3 1 4
234 3 1 4
235 3 1 4
236 3 1 4
237 3 1 4
238 3 1 4
239 3 1 4
240 3 1 4
241 3 1 4
242 3 1 4
243 3 1 4
244 4 0 4
245 3 1 4
246 3 1 4
247 3 1 4
248 3 1 4
249 3 1 4
250 3 1 4
251 4 0 4
252 3 1 4
253 3 1 4
254 3 1 4
255 3 1 4
256 3 1 4
257 3 1 4
258 4 0 4
259 3 1 4
260 3 1 4
261 3 1 4
262 3 1 4
263 3 1 4
264 3 1 4
265 3 1 4
266 3 1 4
267 3 1 4
268 3 1 4
269 4 0 4
270 3 1 4
271 3 1 4
272 3 1 4
273 4 0 4
274 3 1 4
275 3 1 4
276 3 1 4
277 3 1 4
278 3 1 4
279 3 1 4
280 3 1 4
281 3 1 4
282 3 1 4
283 4 0 4
284 3 1 4
285 4 0 4
286 3 1 4
287 4 0 4
288 4 0 4
289 4 0 4
290 4 0 4
291 3 1 4
292 3 1 4
293 3 1 4
294 3 1 4
295 3 1 4
296 3 1 4
297 4 0 4
298 3 1 4
299 4 0 4
300 3 1 4
301 4 0 4
302 3 1 4
303 4 0 4
304 3 1 4
305 3 1 4
306 3 1 4
307 3 1 4
308 3 1 4
309 3 1 4
310 4 0 4
311 4 0 4
312 3 1 4
313 3 1 4
314 4 0 4
315 3 1 4
316 3 1 4
317 3 1 4
318 3 1 4
319 4 0 4
320 3 1 4
321 3 1 4
322 4 0 4
323 3 1 4
324 3 1 4
325 3 1 4
326 3 1 4
327 4 0 4
328 3 1 4
329 3 1 4
330 3 1 4
331 3 1 4
332 3 1 4
333 3 1 4
334 3 1 4
335 4 0 4
336 3 1 4
337 3 1 4
338 4 0 4
339 3 1 4
340 4 0 4
341 4 0 4
342 4 0 4
343 4 0 4
344 3 1 4
345 3 1 4
346 3 1 4
347 3 1 4
348 3 1 4
349 3 1 4
350 4 0 4
351 3 1 4
352 3 1 4
353 4 0 4
354 3 1 4
355 3 1 4
356 4 0 4
357 3 1 4
358 3 1 4
359 3 1 4
360 4 0 4
361 4 0 4
362 3 1 4
363 3 1 4
364 3 1 4
365 3 1 4
366 4 0 4
367 4 0 4
368 3 1 4
369 3 1 4
370 3 1 4
371 3 1 4
372 4 0 4
373 3 1 4
374 3 1 4
375 4 0 4
376 4 0 4
377 4 0 4
378 3 1 4
379 3 1 4
380 3 1 4
381 3 1 4
382 4 0 4
383 3 1 4
384 4 0 4
385 3 1 4
386 3 1 4
387 3 0 3
388 4 0 4
389 4 0 4
390 4 0 4
391 4 0 4
392 3 1 4
393 3 1 4
394 3 1 4
395 3 1 4
396 3 1 4
397 3 1 4
398 4 0 4
399 4 0 4
400 4 0 4
401 3 1 4
402 3 1 4
403 4 0 4
404 3 1 4
405 3 1 4
406 3 1 4
407 3 0 3
408 4 0 4
409 4 0 4
410 3 1 4
411 3 1 4
412 4 0 4
413 3 1 4
414 3 1 4
415 4 0 4
416 3 1 4
417 4 0 4
418 3 1 4
419 3 1 4
420 4 0 4
421 4 0 4
422 3 1 4
423 3 1 4
424 3 1 4
425 3 1 4
426 4 0 4
427 4 0 4
428 3 1 4
429 3 1 4
430 3 1 4
431 3 1 4
432 3 1 4
433 4 0 4
434 4 0 4
435 3 1 4
436 3 1 4
437 3 1 4
438 3 1 4
439 3 1 4
440 3 1 4
441 4 0 4
442 3 1 4
443 4 0 4
444 4 0 4
445 4 0 4
446 3 1 4
447 3 1 4
448 3 1 4
449 3 1 4
450 3 1 4
451 3 1 4
452 3 1 4
453 3 1 4
454 4 0 4
455 4 0 4
456 3 1 4
457 4 0 4
458 3 1 4
459 3 1 4
460 3 1 4
461 4 0 4
462 4 0 4
463 4 0 4
464 4 0 4
465 4 0 4
466 3 1 4
467 3 1 4
468 3 1 4
469 3 1 4
470 3 1 4
471 3 1 4
472 3 1 4
473 3 1 4
474 3 1 4
475 3 1 4
476 3 1 4
477 4 0 4
478 3 1 4
479 3 1 4
480 3 1 4
481 4 0 4
482 3 1 4
483 3 1 4
484 4 0 4
485 3 1 4
486 3 1 4
487 4 0 4
488 3 1 4
489 3 1 4
490 3 1 4
491 4 0 4
492 4 0 4
493 3 1 4
494 3 1 4
495 4 0 4
496 3 1 4
497 4 0 4
498 3 1 4
499 3 1 4
500 3 1 4
501 3 1 4
502 4 0 4
503 4 0 4
504 4 0 4
505 3 1 4
506 3 1 4
507 4 0 4
508 4 0 4
509 3 1 4
510 4 0 4
511 3 1 4
512 4 0 4
513 3 1 4
514 3 1 4
515 3 1 4
516 4 0 4
517 4 0 4
518 3 1 4
519 3 1 4
520 3 1 4
521 4 0 4
522 3 1 4
523 4 0 4
524 3 1 4
525 3 1 4
526 4 0 4
527 3 1 4
528 2 1 3
529 4 0 4
530 3 1 4
531 3 1 4
532 3 1 4
533 3 1 4
534 4 0 4
535 4 0 4
536 3 1 4
537 3 1 4
538 3 1 4
539 3 1 4
540 3 1 4
541 4 0 4
542 3 1 4
543 3 0 3
544 3 1 4
545 4 0 4
546 3 1 4
547 3 1 4
548 3 1 4
549 3 1 4
550 3 1 4
551 3 1 4
552 3 1 4
553 3 1 4
554 3 1 4
555 3 1 4
556 3 1 4
557 3 1 4
558 3 1 4
559 3 1 4
560 3 1 4
561 3 1 4
562 4 0 4
563 4 0 4
564 4 0 4
565 3 1 4
566 3 1 4
567 4 0 4
568 3 1 4
569 3 1 4
570 3 1 4
571 3 1 4
572 3 1 4
573 3 1 4
574 3 1 4
575 3 1 4
576 4 0 4
577 4 0 4
578 4 0 4
579 4 0 4
580 4 0 4
581 3 1 4
582 4 0 4
583 3 1 4
584 3 1 4
585 3 1 4
586 4 0 4
587 4 0 4
588 3 1 4
589 4 0 4
590 4 0 4
591 4 0 4
592 3 1 4
593 4 0 4
594 4 0 4
595 3 1 4
596 4 0 4
597 4 0 4
598 4 0 4
599 4 0 4
600 4 0 4
601 4 0 4
602 3 1 4
603 3 1 4
604 3 1 4
605 3 1 4
606 3 1 4
607 3 1 4
608 3 1 4
609 4 0 4
610 3 1 4
611 4 0 4
612 4 0 4
613 3 1 4
614 3 1 4
615 3 1 4
616 3 1 4
617 3 1 4
618 3 1 4
619 3 1 4
620 3 1 4
621 4 0 4
622 4 0 4
623 4 0 4
624 3 1 4
625 3 1 4
626 4 0 4
627 3 1 4
628 4 0 4
629 4 0 4
630 3 1 4
631 3 1 4
632 3 1 4
633 4 0 4
634 3 1 4
635 3 1 4
636 4 0 4
637 3 1 4
638 3 1 4
639 4 0 4
640 4 0 4
641 3 1 4
642 3 1 4
643 4 0 4
644 3 1 4
645 3 1 4
646 3 1 4
647 3 1 4
648 4 0 4
649 4 0 4
650 3 1 4
651 3 1 4
652 3 1 4
653 3 1 4
654 3 1 4
655 3 1 4
656 4 0 4
657 3 1 4
658 3 1 4
659 4 0 4
660 4 0 4
661 3 1 4
662 4 0 4
663 3 1 4
664 2 1 3
665 4 0 4
666 3 1 4
667 4 0 4
668 4 0 4
669 4 0 4
670 3 1 4
671 3 1 4
672 3 1 4
673 3 0 3
674 3 1 4
675 4 0 4
676 3 1 4
677 4 0 4
678 3 1 4
679 3 1 4
680 4 0 4
681 4 0 4
682 3 1 4
683 3 1 4
684 4 0 4
685 3 1 4
686 3 1 4
687 3 1 4
688 4 0 4
689 4 0 4
690 3 1 4
691 4 0 4
692 3 1 4
693 4 0 4
694 3 1 4
695 3 1 4
696 4 0 4
697 3 1 4
698 3 1 4
699 4 0 4
700 3 1 4
701 3 1 4
702 4 0 4
703 4 0 4
704 3 1 4
705 4 0 4
706 4 0 4
707 4 0 4
708 3 1 4
709 4 0 4
710 3 1 4
711 4 0 4
712 3 1 4
713 4 0 4
714 3 1 4
715 3 1 4
716 3 1 4
717 3 1 4
718 4 0 4
719 4 0 4
720 3 1 4
721 3 1 4
722 4 0 4
723 4 0 4
724 3 1 4
725 4 0 4
726 3 1 4
727 3 1 4
728 3 1 4
729 3 1 4
730 3 1 4
731 3 1 4
732 4 0 4
733 3 1 4
734 3 1 4
735 3 1 4
736 4 0 4
737 3 1 4
738 4 0 4
739 4 0 4
740 4 0 4
741 3 1 4
742 4 0 4
743 3 1 4
744 4 0 4
745 3 1 4
746 3 1 4
747 3 1 4
748 3 1 4
749 3 1 4
750 3 1 4
751 3 1 4
752 3 1 4
753 4 0 4
754 3 1 4
755 4 0 4
756 4 0 4
757 3 1 4
758 3 1 4
759 3 1 4
760 4 0 4
761 3 1 4
762 3 1 4
763 3 1 4
764 4 0 4
765 4 0 4
766 3 1 4
767 4 0 4
768 3 1 4
769 3 1 4
770 3 1 4
771 4 0 4
772 3 1 4
773 3 1 4
774 3 1 4
775 3 1 4
776 4 0 4
777 3 1 4
778 4 0 4
779 3 1 4
780 4 0 4
781 3 1 4
782 3 1 4
783 3 1 4
784 3 1 4
785 3 1 4
786 3 1 4
787 4 0 4
788 4 0 4
789 3 1 4
790 3 1 4
791 3 1 4
792 3 1 4
793 4 0 4
794 3 1 4
795 4 0 4
796 3 1 4
797 3 1 4
798 3 1 4
799 3 1 4
800 3 1 4
801 3 1 4
802 3 1 4
803 4 0 4
804 4 0 4
805 3 1 4
806 4 0 4
807 3 1 4
808 4 0 4
809 3 1 4
810 3 1 4
811 3 1 4
812 3 1 4
813 4 0 4
814 4 0 4
815 4 0 4
816 3 1 4
817 3 1 4
818 3 1 4
819 4 0 4
820 4 0 4
821 3 1 4
822 3 1 4
823 4 0 4
824 4 0 4
825 3 1 4
826 4 0 4
827 3 1 4
828 3 1 4
829 4 0 4
830 4 0 4
831 3 1 4
832 3 1 4
833 4 0 4
834 3 1 4
835 4 0 4
836 3 1 4
837 4 0 4
838 3 1 4
839 3 1 4
840 3 1 4
841 3 1 4
842 3 1 4
843 3 1 4
844 3 1 4
845 4 0 4
846 4 0 4
847 4 0 4
848 3 1 4
849 4 0 4
850 4 0 4
851 3 1 4
852 4 0 4
853 4 0 4
854 3 1 4
855 3 1 4
856 3 1 4
857 3 1 4
858 3 1 4
859 4 0 4
860 4 0 4
861 3 1 4
862 3 1 4
863 3 1 4
864 3 1 4
865 2 1 3
866 4 0 4
867 3 1 4
868 3 1 4
869 3 1 4
870 3 1 4
871 3 1 4
872 3 1 4
873 4 0 4
874 3 1 4
875 3 1 4
876 3 1 4
877 3 1 4
878 3 1 4
879 4 0 4
880 3 1 4
881 3 1 4
882 3 1 4
883 3 1 4
884 3 1 4
885 3 1 4
886 3 1 4
887 4 0 4
888 3 1 4
889 3 1 4
890 3 1 4
891 3 1 4
892 4 0 4
893 3 1 4
894 3 1 4
895 3 1 4
896 3 1 4
897 3 1 4
898 4 0 4
899 3 1 4
900 3 1 4
901 4 0 4
902 3 1 4
903 3 1 4
904 3 1 4
905 3 1 4
906 3 1 4
907 3 1 4
908 3 1 4
909 3 1 4
910 3 1 4
911 3 1 4
912 3 1 4
913 3 1 4
914 3 1 4
915 3 1 4
916 4 0 4
917 4 0 4
918 3 1 4
919 3 1 4
920 3 1 4
921 3 1 4
922 3 1 4
923 3 1 4
924 4 0 4
925 3 1 4
926 3 1 4
927 3 1 4
928 3 1 4
929 3 1 4
930 3 1 4
931 3 1 4
932 3 1 4
933 3 1 4
934 3 1 4
935 3 1 4
936 4 0 4
937 4 0 4
938 3 1 4
939 4 0 4
940 3 1 4
941 3 1 4
942 4 0 4
943 3 1 4
944 3 1 4
945 3 1 4
946 4 0 4
947 3 1 4
948 4 0 4
949 3 1 4
950 3 1 4
951 3 1 4
952 3 1 4
953 4 0 4
954 4 0 4
955 3 1 4
956 3 1 4
957 4 0 4
958 3 0 3
959 3 1 4
960 3 1 4
961 3 1 4
962 3 1 4
963 3 1 4
964 4 0 4
965 3 1 4
966 3 1 4
967 3 1 4
968 4 0 4
969 3 1 4
970 3 1 4
971 4 0 4
972 3 1 4
973 4 0 4
974 3 1 4
975 3 1 4
976 4 0 4
977 3 1 4
978 3 1 4
979 3 1 4
980 3 1 4
981 3 1 4
982 4 0 4
983 3 1 4
984 4 0 4
985 4 0 4
986 3 1 4
987 3 1 4
988 3 1 4
989 3 1 4
990 3 1 4
991 3 1 4
992 3 1 4
993 3 1 4
994 3 1 4
995 4 0 4
996 4 0 4
997 3 1 4
998 3 1 4
999 4 0 4
1000 3 1 4


#k P(k)
0 1
1 1
2 1
3 10
4 987
