#i k1 k2 k
1 504 22 526
2 5 9 14
3 368 11 379
4 1 3 4
5 451 23 474
6 4 16 20
7 10 28 38
8 210 8 218
9 4 5 9
10 0 2 2
11 0 3 3
12 26 46 72
13 1 5 6
14 99 7 106
15 89 4 93
16 0 2 2
17 1 8 9
18 0 6 6
19 0 1 1
20 0 1 1
21 2 6 8
22 0 0 0
23 5 12 17
24 96 0 96
25 5 9 14
26 0 0 0
27 7 10 17
28 0 1 1
29 1 3 4
30 19 2 21
31 4 17 21
32 1 2 3
33 0 1 1
34 0 1 1
35 28 2 30
36 0 1 1
37 2 3 5
38 0 0 0
39 0 0 0
40 7 8 15
41 1 2 3
42 18 0 18
43 1 3 4
44 0 0 0
45 32 1 33
46 1 0 1
47 0 1 1
48 1 2 3
49 10 0 10
50 34 2 36
51 0 0 0
52 0 1 1
53 1 4 5
54 4 9 13
55 1 3 4
56 1 5 6
57 0 3 3
58 13 0 13
59 33 1 34
60 3 0 3
61 2 1 3
62 0 1 1
63 0 1 1
64 49 1 50
65 32 0 32
66 20 0 20
67 1 2 3
68 0 1 1
69 0 1 1
70 6 1 7
71 0 2 2
72 16 1 17
73 24 1 25
74 14 1 15
75 0 0 0
76 70 3 73
77 18 1 19
78 0 2 2
79 28 2 30
80 1 0 1
81 3 1 4
82 0 2 2
83 15 0 15
84 0 4 4
85 10 2 12
86 0 0 0
87 6 10 16
88 4 10 14
89 0 1 1
90 1 4 5
91 1 4 5
92 1 1 2
93 0 0 0
94 1 2 3
95 0 1 1
96 2 5 7
97 7 2 9
98 11 0 11
99 0 1 1
100 0 1 1
101 23 0 23
102 1 0 1
103 0 1 1
104 0 1 1
105 0 0 0
106 0 1 1
107 5 0 5
108 2 3 5
109 1 0 1
110 0 0 0
111 26 1 27
112 11 2 13
113 9 1 10
114 12 3 15
115 0 0 0
116 9 1 10
117 0 3 3
118 11 0 11
119 0 0 0
120 2 0 2
121 14 3 17
122 0 1 1
123 28 0 28
124 0 0 0
125 0 0 0
126 0 1 1
127 5 0 5
128 3 4 7
129 0 2 2
130 0 1 1
131 5 0 5
132 0 0 0
133 14 2 16
134 0 0 0
135 13 1 14
136 1 2 3
137 0 1 1
138 0 1 1
139 2 10 12
140 0 1 1
141 0 1 1
142 16 1 17
143 2 1 3
144 0 0 0
145 12 0 12
146 0 1 1
147 1 2 3
148 0 1 1
149 0 0 0
150 0 0 0
151 5 1 6
152 1 0 1
153 3 0 3
154 1 3 4
155 2 0 2
156 0 1 1
157 0 3 3
158 0 1 1
159 6 2 8
160 14 2 16
161 0 0 0
162 1 3 4
163 1 1 2
164 0 1 1
165 0 1 1
166 11 1 12
167 0 1 1
168 1 2 3
169 0 1 1
170 8 1 9
171 0 1 1
172 0 0 0
173 0 0 0
174 14 1 15
175 0 1 1
176 1 0 1
177 1 2 3
178 0 0 0
179 3 1 4
180 16 1 17
181 0 0 0
182 3 5 8
183 0 0 0
184 0 0 0
185 0 0 0
186 0 2 2
187 1 0 1
188 11 0 11
189 0 1 1
190 0 1 1
191 0 0 0
192 0 0 0
193 0 0 0
194 0 1 1
195 0 0 0
196 0 1 1
197 0 3 3
198 0 0 0
199 3 1 4
200 0 0 0
201 0 1 1
202 0 0 0
203 0 1 1
204 0 0 0
205 15 1 16
206 0 0 0
207 0 2 2
208 1 1 2
209 0 0 0
210 1 0 1
211 5 1 6
212 0 0 0
213 12 1 13
214 0 0 0
215 3 1 4
216 0 1 1
217 0 0 0
218 0 1 1
219 1 0 1
220 0 0 0
221 4 0 4
222 1 2 3
223 0 0 0
224 0 0 0
225 4 0 4
226 0 1 1
227 1 2 3
228 2 0 2
229 1 2 3
230 0 1 1
231 3 1 4
232 4 0 4
233 1 3 4
234 0 0 0
235 0 2 2
236 0 0 0
237 0 0 0
238 3 2 5
239 4 6 10
240 1 0 1
241 0 1 1
242 0 0 0
243 1 2 3
244 1 0 1
245 0 0 0
246 0 0 0
247 0 0 0
248 0 0 0
249 0 1 1
250 0 0 0
251 1 1 2
252 0 0 0
253 0 1 1
254 0 0 0
255 1 0 1
256 0 0 0
257 0 0 0
258 5 1 6
259 0 2 2
260 0 0 0
261 1 0 1
262 1 1 2
263 3 2 5
264 0 1 1
265 0 1 1
266 0 0 0
267 0 0 0
268 0 0 0
269 8 0 8
270 0 1 1
271 0 0 0
272 1 0 1
273 5 0 5
274 0 1 1
275 2 3 5
276 0 0 0
277 0 2 2
278 0 1 1
279 4 2 6
280 0 1 1
281 0 0 0
282 0 1 1
283 4 1 5
284 1 1 2
285 12 0 12
286 0 1 1
287 3 0 3
288 7 1 8
289 3 0 3
290 2 0 2
291 0 0 0
292 0 1 1
293 0 0 0
294 0 0 0
295 1 1 2
296 0 0 0
297 14 0 14
298 0 0 0
299 2 0 2
300 0 0 0
301 0 0 0
302 0 0 0
303 0 0 0
304 0 1 1
305 0 0 0
306 0 0 0
307 0 0 0
308 0 2 2
309 0 2 2
310 3 0 3
311 0 0 0
312 0 2 2
313 0 0 0
314 4 0 4
315 0 0 0
316 0 0 0
317 0 0 0
318 0 0 0
319 7 0 7
320 0 2 2
321 0 0 0
322 1 1 2
323 0 1 1
324 0 0 0
325 0 1 1
326 0 1 1
327 0 1 1
328 0 0 0
329 0 0 0
330 0 0 0
331 0 0 0
332 0 1 1
333 0 0 0
334 0 1 1
335 1 0 1
336 0 1 1
337 0 0 0
338 8 0 8
339 1 0 1
340 3 0 3
341 4 0 4
342 2 0 2
343 3 0 3
344 0 0 0
345 0 0 0
346 0 0 0
347 0 0 0
348 0 0 0
349 0 1 1
350 3 0 3
351 1 2 3
352 0 1 1
353 5 0 5
354 3 2 5
355 0 0 0
356 3 0 3
357 0 1 1
358 0 0 0
359 0 1 1
360 7 0 7
361 2 0 2
362 0 0 0
363 0 0 0
364 0 1 1
365 1 0 1
366 2 1 3
367 2 0 2
368 0 0 0
369 0 0 0
370 0 0 0
371 1 2 3
372 0 0 0
373 0 1 1
374 2 0 2
375 1 0 1
376 2 0 2
377 0 0 0
378 0 0 0
379 0 0 0
380 0 0 0
381 0 0 0
382 10 0 10
383 0 1 1
384 1 0 1
385 0 0 0
386 1 2 3
387 6 1 7
388 8 0 8
389 9 0 9
390 0 1 1
391 3 0 3
392 0 1 1
393 0 0 0
394 1 0 1
395 2 0 2
396 0 0 0
397 0 0 0
398 2 0 2
399 4 0 4
400 2 0 2
401 0 0 0
402 0 0 0
403 1 0 1
404 0 0 0
405 0 0 0
406 0 0 0
407 1 0 1
408 2 0 2
409 0 0 0
410 2 2 4
411 0 0 0
412 7 0 7
413 1 0 1
414 1 1 2
415 5 1 6
416 0 0 0
417 0 0 0
418 0 0 0
419 0 2 2
420 1 0 1
421 1 0 1
422 1 1 2
423 0 0 0
424 0 0 0
425 0 0 0
426 1 0 1
427 2 0 2
428 2 3 5
429 0 1 1
430 0 0 0
431 0 0 0
432 0 0 0
433 0 0 0
434 0 0 0
435 0 0 0
436 0 0 0
437 0 1 1
438 2 1 3
439 0 2 2
440 0 0 0
441 1 1 2
442 0 0 0
443 4 0 4
444 1 0 1
445 0 0 0
446 0 1 1
447 0 0 0
448 0 0 0
449 0 0 0
450 0 1 1
451 0 0 0
452 0 0 0
453 0 2 2
454 2 0 2
455 1 0 1
456 0 0 0
457 2 0 2
458 0 0 0
459 0 1 1
460 0 1 1
461 7 0 7
462 1 0 1
463 3 0 3
464 1 0 1
465 1 2 3
466 0 0 0
467 0 0 0
468 0 0 0
469 0 1 1
470 0 0 0
471 0 0 0
472 0 1 1
473 0 0 0
474 1 1 2
475 0 0 0
476 0 0 0
477 4 0 4
478 0 0 0
479 0 0 0
480 2 1 3
481 3 0 3
482 0 0 0
483 0 1 1
484 1 1 2
485 0 0 0
486 0 0 0
487 1 0 1
488 0 0 0
489 0 0 0
490 0 0 0
491 4 0 4
492 2 0 2
493 0 0 0
494 1 1 2
495 4 0 4
496 0 0 0
497 1 0 1
498 0 0 0
499 1 1 2
500 0 1 1
501 0 0 0
502 0 0 0
503 2 1 3
504 0 0 0
505 0 0 0
506 0 0 0
507 1 0 1
508 6 0 6
509 0 1 1
510 0 0 0
511 0 1 1
512 4 0 4
513 0 0 0
514 0 0 0
515 0 0 0
516 6 0 6
517 3 0 3
518 0 0 0
519 0 1 1
520 0 0 0
521 4 0 4
522 1 0 1
523 2 0 2
524 0 0 0
525 0 0 0
526 2 0 2
527 0 0 0
528 1 1 2
529 1 0 1
530 0 0 0
531 3 1 4
532 0 1 1
533 0 0 0
534 2 0 2
535 5 0 5
536 1 0 1
537 0 0 0
538 0 0 0
539 0 0 0
540 0 0 0
541 3 0 3
542 0 0 0
543 5 0 5
544 1 1 2
545 2 0 2
546 0 0 0
547 0 0 0
548 1 0 1
549 0 0 0
550 0 0 0
551 0 0 0
552 0 1 1
553 0 0 0
554 0 0 0
555 0 0 0
556 0 0 0
557 1 0 1
558 0 0 0
559 0 0 0
560 0 0 0
561 0 0 0
562 2 0 2
563 2 0 2
564 1 0 1
565 0 0 0
566 1 0 1
567 2 0 2
568 0 1 1
569 0 0 0
570 0 0 0
571 0 1 1
572 0 0 0
573 0 0 0
574 0 0 0
575 0 1 1
576 2 0 2
577 3 0 3
578 0 0 0
579 1 0 1
580 0 0 0
581 1 0 1
582 0 0 0
583 0 0 0
584 0 0 0
585 0 0 0
586 0 0 0
587 0 0 0
588 0 1 1
589 1 0 1
590 3 0 3
591 1 0 1
592 0 1 1
593 2 0 2
594 0 1 1
595 0 0 0
596 0 0 0
597 1 0 1
598 0 1 1
599 6 0 6
600 3 0 3
601 2 1 3
602 0 0 0
603 0 0 0
604 0 0 0
605 0 0 0
606 0 1 1
607 0 0 0
608 0 0 0
609 0 0 0
610 0 0 0
611 0 0 0
612 2 0 2
613 0 0 0
614 0 0 0
615 0 0 0
616 0 1 1
617 0 0 0
618 0 0 0
619 0 0 0
620 0 0 0
621 0 1 1
622 4 0 4
623 2 0 2
624 0 0 0
625 0 0 0
626 1 0 1
627 2 2 4
628 2 0 2
629 1 0 1
630 0 0 0
631 0 0 0
632 0 0 0
633 0 0 0
634 1 0 1
635 0 0 0
636 0 0 0
637 0 0 0
638 0 0 0
639 2 0 2
640 1 0 1
641 0 0 0
642 0 0 0
643 2 0 2
644 0 0 0
645 0 0 0
646 0 1 1
647 0 1 1
648 1 0 1
649 0 0 0
650 0 1 1
651 1 1 2
652 0 1 1
653 0 0 0
654 0 0 0
655 0 0 0
656 0 0 0
657 0 1 1
658 0 0 0
659 2 0 2
660 1 0 1
661 0 0 0
662 1 0 1
663 0 0 0
664 1 0 1
665 0 0 0
666 0 0 0
667 0 0 0
668 2 0 2
669 0 0 0
670 0 0 0
671 0 0 0
672 0 0 0
673 2 0 2
674 0 1 1
675 0 0 0
676 0 0 0
677 0 0 0
678 0 0 0
679 0 0 0
680 2 0 2
681 0 0 0
682 0 0 0
683 0 0 0
684 2 0 2
685 0 0 0
686 0 0 0
687 0 0 0
688 2 0 2
689 0 0 0
690 0 0 0
691 0 0 0
692 0 0 0
693 1 0 1
694 0 0 0
695 0 0 0
696 0 0 0
697 0 0 0
698 0 0 0
699 0 0 0
700 0 0 0
701 0 1 1
702 0 1 1
703 0 0 0
704 0 0 0
705 1 0 1
706 2 0 2
707 1 1 2
708 0 0 0
709 0 0 0
710 0 0 0
711 0 0 0
712 0 0 0
713 0 1 1
714 0 1 1
715 0 0 0
716 0 0 0
717 0 0 0
718 0 0 0
719 0 0 0
720 0 0 0
721 0 0 0
722 0 0 0
723 0 1 1
724 0 0 0
725 1 0 1
726 0 0 0
727 0 0 0
728 0 0 0
729 0 0 0
730 1 0 1
731 0 0 0
732 0 0 0
733 0 0 0
734 0 0 0
735 0 0 0
736 1 0 1
737 0 0 0
738 0 1 1
739 0 0 0
740 0 0 0
741 0 1 1
742 0 0 0
743 0 0 0
744 0 0 0
745 0 0 0
746 0 0 0
747 0 0 0
748 0 0 0
749 0 0 0
750 0 0 0
751 0 0 0
752 0 1 1
753 0 0 0
754 0 0 0
755 0 0 0
756 0 0 0
757 0 0 0
758 0 1 1
759 0 0 0
760 1 0 1
761 0 0 0
762 0 0 0
763 0 0 0
764 0 0 0
765 0 0 0
766 0 0 0
767 3 0 3
768 0 2 2
769 0 0 0
770 0 0 0
771 0 0 0
772 0 0 0
773 0 0 0
774 0 0 0
775 0 0 0
776 2 0 2
777 0 0 0
778 0 0 0
779 1 0 1
780 0 0 0
781 0 0 0
782 0 0 0
783 0 0 0
784 0 1 1
785 0 0 0
786 0 0 0
787 1 0 1
788 0 0 0
789 0 1 1
790 0 0 0
791 0 0 0
792 0 0 0
793 1 0 1
794 0 0 0
795 0 0 0
796 1 0 1
797 0 1 1
798 0 0 0
799 0 0 0
800 0 0 0
801 0 0 0
802 0 0 0
803 1 0 1
804 0 0 0
805 0 0 0
806 0 1 1
807 0 0 0
808 1 0 1
809 0 0 0
810 1 0 1
811 0 0 0
812 0 0 0
813 0 0 0
814 0 0 0
815 0 0 0
816 0 0 0
817 0 0 0
818 0 0 0
819 0 0 0
820 0 0 0
821 0 0 0
822 0 0 0
823 1 0 1
824 1 0 1
825 0 0 0
826 0 0 0
827 0 0 0
828 0 0 0
829 1 0 1
830 1 0 1
831 0 0 0
832 0 0 0
833 2 0 2
834 0 0 0
835 0 0 0
836 0 0 0
837 0 0 0
838 0 0 0
839 0 0 0
840 0 0 0
841 0 1 1
842 0 0 0
843 0 0 0
844 0 0 0
845 2 0 2
846 0 0 0
847 0 0 0
848 0 0 0
849 1 0 1
850 1 0 1
851 0 0 0
852 0 0 0
853 0 0 0
854 0 0 0
855 0 0 0
856 0 0 0
857 0 0 0
858 0 0 0
859 0 1 1
860 0 0 0
861 0 0 0
862 0 0 0
863 0 0 0
864 0 0 0
865 1 0 1
866 0 0 0
867 1 0 1
868 0 0 0
869 0 0 0
870 0 1 1
871 0 0 0
872 0 0 0
873 0 0 0
874 0 0 0
875 0 0 0
876 0 0 0
877 0 0 0
878 0 0 0
879 0 0 0
880 0 0 0
881 0 0 0
882 0 0 0
883 0 0 0
884 0 1 1
885 0 0 0
886 0 0 0
887 0 0 0
888 0 0 0
889 0 0 0
890 0 0 0
891 0 0 0
892 0 0 0
893 0 0 0
894 0 0 0
895 0 0 0
896 0 0 0
897 0 0 0
898 1 0 1
899 0 0 0
900 0 0 0
901 0 0 0
902 0 0 0
903 0 0 0
904 0 0 0
905 0 0 0
906 0 0 0
907 0 0 0
908 0 0 0
909 0 0 0
910 0 0 0
911 0 0 0
912 0 0 0
913 0 0 0
914 0 0 0
915 0 0 0
916 0 0 0
917 0 0 0
918 0 0 0
919 0 0 0
920 0 0 0
921 0 0 0
922 0 0 0
923 0 0 0
924 1 0 1
925 0 0 0
926 0 0 0
927 0 0 0
928 0 0 0
929 0 0 0
930 0 0 0
931 0 0 0
932 0 0 0
933 0 0 0
934 0 0 0
935 0 0 0
936 0 0 0
937 1 0 1
938 0 0 0
939 1 0 1
940 0 0 0
941 0 0 0
942 0 0 0
943 0 0 0
944 0 0 0
945 0 0 0
946 0 0 0
947 0 0 0
948 0 0 0
949 0 0 0
950 0 0 0
951 0 0 0
952 0 0 0
953 0 0 0
954 0 0 0
955 0 0 0
956 0 0 0
957 0 0 0
958 1 0 1
959 0 0 0
960 0 0 0
961 0 0 0
962 0 0 0
963 0 0 0
964 0 0 0
965 0 0 0
966 1 0 1
967 0 0 0
968 0 0 0
969 0 0 0
970 0 0 0
971 0 0 0
972 0 0 0
973 0 0 0
974 0 0 0
975 0 0 0
976 0 0 0
977 0 0 0
978 0 0 0
979 0 0 0
980 0 0 0
981 0 0 0
982 0 0 0
983 0 0 0
984 0 0 0
985 0 0 0
986 0 0 0
987 0 0 0
988 0 0 0
989 0 0 0
990 0 0 0
991 0 0 0
992 0 0 0
993 0 0 0
994 0 0 0
995 0 0 0
996 0 0 0
997 0 0 0
998 0 0 0
999 0 0 0
1000 0 0 0


#k P(k)
0 528
1 203
2 80
3 47
4 29
5 18
6 11
7 8
8 7
9 5
10 5
11 3
12 5
13 4
14 5
15 5
16 4
17 6
18 1
19 1
20 2
21 2
23 1
25 1
27 1
28 1
30 2
32 1
33 1
34 1
36 1
38 1
50 1
72 1
73 1
93 1
96 1
106 1
218 1
379 1
474 1
526 1
